0
1
2
5
6
7
8
11
14
15
16
17
18
19
20
22
25
27
30
31
32
34
37
38
39
41
43
44
48
49
52
54
56
57
59
60
61
62
63
65
67
68
70
72
74
76
78
80
81
82
86
87
88
89
92
93
94
99
100
101
103
106
111
112
115
117
118
119
121
122
123
124
125
126
133
134
137
138
139
141
147
148
149
151
152
153
156
157
158
160
162
163
164
165
166
168
173
175
177
179
183
184
185
187
188
189
192
194
196
198
199
202
205
208
210
211
212
213
214
216
217
218
219
222
223
226
227
228
230
233
238
239
240
242
243
244
245
247
249
250
251
253
254
255
256
257
258
259
261
262
264
265
267
268
269
270
271
272
273
276
277
278
280
283
284
285
286
287
288
289
290
291
292
293
294
295
297
298
299
302
303
306
307
308
312
313
314
315
318
322
325
328
329
332
333
334
337
339
340
341
342
343
346
347
349
350
351
352
355
356
357
358
360
362
364
365
366
367
369
370
371
372
373
374
376
378
379
381
382
384
385
386
388
389
390
391
393
396
397
399
400
403
404
405
407
411
412
415
416
420
421
423
424
426
427
430
431
432
435
439
440
441
443
444
446
448
449
450
451
452
455
456
459
463
464
465
466
467
468
470
471
473
476
477
478
480
484
485
488
489
490
491
492
493
494
496
498
499
