1.702665616136213 0.9849884889312752 153.43756676767495 0.03380310515269087 1598852482.0 6.911711477685919 11.093483761822128 14.47947948850733 4.41749485425651 23.903728897476434 26.720177730794454
5.91667325623711 -0.4593319536656182 159.06754703024737 0.03501249066265059 1597376482.0 13.859658854527465 11.550872515890442 4.310290397231212 7.531042222709679 22.27446136993227 26.19715408511379
4.709171901213785 -0.9972354843237703 352.7572926065656 0.07545320173657684 1599392482.0 13.761672258310144 13.895508615839972 4.27155498054853 0.496719910696719 7.27238162709173 15.691380592306938
0.590385049221915 -0.06698307475747227 190.11694856160597 0.04164579793021467 1599500482.0 17.48046792877242 6.04874447484343 5.867600071587196 4.951819395382439 12.755740419125452 14.960505963587774
2.716092710998113 -0.16753418757908914 128.9195260051997 0.02851210109394343 1597671682.0 10.224543085587666 10.983514142775476 10.622158556851003 7.946144364893098 16.575737023441608 21.413403537564133
4.361522412585841 0.9954700439884303 210.93073457105825 0.04605856046530186 1597344082.0 10.66336641447704 12.707159486834808 10.831080675571359 2.948311308501685 14.766725179740783 19.703314805628146
1.034803904286021 0.24541282701014625 180.67941202136794 0.03963606640063096 1597268482.0 16.867964350153695 8.65043044087413 2.14803913866734 6.175245856966353 20.28970946548462 22.904932185015483
4.600381006068496 -0.15235451484499074 150.76469859246924 0.03322821897936309 1599849682.0 8.761462942255472 13.600273314560248 10.00708193910731 6.371422509824794 13.899642444395434 20.46368781797359
5.111842988637019 0.5196034471083667 363.24258742325287 0.0775824495228459 1598676082.0 13.71784815742783 14.450677602245706 1.792341408727622 1.756041390130937 9.325350017636781 17.287796779212123
3.983457308893299 -0.5690801769219717 298.72152635593744 0.0643872596622198 1597394482.0 15.343754863233189 11.507615253293764 5.743414386049387 1.576371949386442 8.670474474380445 14.494388050260506
4.509535642797205 0.6544734571594494 221.4300768762787 0.04827447389146348 1599673282.0 11.941235521933569 11.950830332107344 10.493396885413146 2.795619310664053 10.543029444032669 16.180027899070957
0.102481855473136 0.5470340611523887 299.25791414872924 0.06449786914288884 1599907282.0 11.594605886175932 16.051285256036955 2.175271059523521 2.581306547176048 9.027662252430511 18.59584866590181
2.707096996682523 -0.2315905467539703 316.75718891704105 0.0680983403616973 1599291682.0 13.694965757062498 14.204198231295848 3.381870680175316 1.654659443460393 13.083597777484808 19.382406353979533
4.329297040328493 -1.3215874708753856 212.69309476913952 0.0464309774464217 1598067682.0 10.705745664311346 13.801595693865277 9.25656218957742 3.631472515940625 14.886133918213686 20.622042075457625
6.010143864246416 0.34090233989695007 194.27036517637418 0.04252850957745949 1597444882.0 12.951670611003104 11.453739879666804 10.267657967076062 0.830157703602941 21.47373320503681 24.351561280645264
2.912207130222025 -1.4133844554156672 249.97940973110866 0.05426648583205675 1600098082.0 11.627819144121865 14.56545724824778 6.723562986882198 3.559572448145291 10.361424424195127 18.225866699897598
2.586256547345148 -0.02108429125680597 179.6463485202043 0.03941572635064911 1597365682.0 11.575992235779216 12.493188000436469 9.625605419554544 4.761156302240622 8.662254997915044 15.930568646395505
3.578874187339022 1.0779582182684013 218.50115827465427 0.04765698863762194 1598427682.0 11.926580659860637 13.914416981199846 6.782509258925734 4.899105724934149 16.55595878306262 22.17458022279686
1.129871327371424 -0.35508652538685975 284.0046687544531 0.061345679784936 1599424882.0 16.303506798791368 10.537277467931833 4.875961171631212 2.300465926711984 10.571639701106985 15.10251389293081
0.590769464584832 0.780687292026719 265.6131976604222 0.05752745439256695 1597902082.0 13.470548146082768 12.418210178343772 8.153039351876531 1.997919051111738 8.685622178729774 15.285406674340026
1.243962619655994 -0.1916233093365837 340.49581859495004 0.07295593914129049 1597455682.0 14.901703893014872 12.957909202241211 3.538466402545112 1.984923922336996 13.896424711382402 19.103872739057717
4.321214808440163 -0.75719049290201 207.39076968313535 0.04530993899956719 1598740882.0 13.549470972658662 12.930242089311395 5.27412626798513 5.31613899950575 21.947373233031936 26.02190781207774
0.928787630016942 0.17583719128096595 215.3379974862811 0.04698953975683001 1598503282.0 12.064532223368657 12.934450031930393 9.208871171033891 3.049315209619022 9.036772929969844 16.070519153529354
5.18093827770906 -0.06683328834987812 303.85612533422056 0.0654455798369235 1599486082.0 15.935136510435775 11.623296068755128 3.300720017708449 2.735782853308628 15.260333324863787 19.37687519979277
1.56477740473824 0.30679581274356227 198.64405082524632 0.04345687873473266 1598244082.0 13.509500529724978 11.541544741810098 9.553960649562212 0.72786708218563 22.554640924495846 25.34657516804739
2.300219389834304 0.9748327325411744 337.2762720111247 0.07229891347305659 1600778482.0 13.96937616950399 13.703904143455928 4.949928923518441 0.33820067180126 8.008516736694501 15.876010480890699
2.982234880619435 -0.2317947311193832 303.6571591401645 0.06540459760067731 1598074882.0 16.237925745777027 11.136859724292663 3.741050669885461 2.426820102333278 12.913793234007228 17.224550967103664
2.812387780974562 0.6676173134770703 253.55356743748442 0.055013253783993 1599482482.0 13.561361521404534 12.015137997114124 8.58841827337531 2.374363073634244 7.472389384812839 14.34704653276754
5.831764821578468 0.01003404503213561 230.77534973888288 0.05024122465322178 1598308882.0 11.851473954071416 14.32174258709768 7.573880371779447 2.246238250898386 12.968084161141899 19.45068389083905
2.677593713065226 -0.9790982563601119 200.77890715861946 0.04390959886024565 1597794082.0 10.406742293474085 12.64127442497632 11.423756175830645 3.135432690365272 15.784725114917046 20.46436669425332
1.221678824651015 -0.02449335710075082 291.70338166426603 0.06293829278456622 1600767682.0 15.911620390261543 11.671378915995614 3.206978231415597 2.996297007438105 16.553740855927817 20.474990058184236
1.198608667567594 -0.03623183056031171 243.08145514044332 0.05282314709282099 1600267282.0 12.78730914238893 14.00401840542889 6.942826512381187 1.244578266595116 15.10561796324944 20.635920154258113
1.225566711252548 0.7674110798998987 268.8615831047248 0.05820326134816762 1597858882.0 10.163402044054399 16.791313584305296 3.367849316823061 3.609934319284283 7.4030602562941255 18.702543646101823
4.756619898531738 -0.38710064772295916 345.74083904421803 0.07402515765745275 1599997282.0 15.540934431453415 12.329928349332858 3.664753915876915 1.714841336082561 11.554847839379109 16.984767366638366
3.919962160099462 -0.11135558343649402 135.4234875244066 0.02991953823478977 1599759682.0 16.972454950218694 0.414914263191063 7.878810334509939 7.757145890754474 17.847598534295003 19.464897627719946
1.101453367784427 0.7583793456928073 238.23812436780892 0.05180805275381745 1600576882.0 12.606296296984691 12.375841828356812 9.593232030493184 2.53083500546763 9.788915289687957 15.980908902002197
2.928609373650158 0.2942733846111729 233.08752759688926 0.05072702402929027 1600609282.0 16.567616078714394 9.160334566292965 6.43907970364813 3.289950461704815 8.517993872951086 12.934130161186939
0.580247609946303 1.2011124795611294 260.8415987882257 0.05653367881832174 1597945282.0 11.518785916118121 15.287594045139365 5.343459690488343 3.970951161685038 8.219369104866995 17.80553322143177
3.846445867013301 0.46368404974749533 135.02415049365857 0.02983319903012435 1597560082.0 8.783916505561516 14.11626485996531 7.678143669010454 8.690401698865264 22.449140651091952 27.906198796268203
0.271070389075087 0.15608006695990576 333.164238642317 0.07145892118729602 1599036082.0 15.065232871348897 12.90245584491013 3.656806996632206 2.067819903521203 14.465668353808283 19.4937119837558
1.588610161667752 0.9186410983338834 150.82155363095666 0.03324045323165732 1598506882.0 7.178174196292534 10.81168743196197 14.976695771985 4.293259250179788 24.111842777470358 26.771358244234605
3.687202328937799 -0.07117214271341227 175.35746298744237 0.03850026077133766 1600742482.0 12.91126061593437 11.135587376251683 9.784493511468554 4.997080003049248 6.631084329064635 13.890406550932088
3.77879480331117 -0.7269521314357628 214.88220806008783 0.04689332819353854 1600612882.0 8.143936574934154 17.022406012843753 5.403421085295364 5.149105812869938 11.626248638845949 21.24724110444689
4.240957022768076 -0.6270503521124452 359.68705832972245 0.07686108111418968 1599828082.0 13.552911657506977 14.950073108240284 1.200153039753488 1.814726895109889 7.9598278589574765 17.033988939464532
3.710757376269064 -0.12929687526428693 328.16305612004464 0.07043609371852373 1597401682.0 15.326315004367494 12.625532621297413 3.654408224330461 2.218037115525549 14.801353575109571 19.580700454087513
2.853174130344024 -0.5384956847088797 160.5510078377538 0.03533081918695712 1600375282.0 11.272477080128697 9.818431528336058 13.545778077901684 2.414311157093222 24.444912653960866 26.453435517899454
5.277219963502768 0.4886455388086872 180.6856301512485 0.03963739237510203 1598643682.0 11.72967143558473 11.07432787072165 12.181056417294469 2.148987225628067 19.756432267449554 22.750285708590056
1.709184699509432 0.06682683706851208 259.92370929471974 0.05634235504353013 1598463682.0 13.032861463415708 14.49758040553361 5.672047341188246 1.364322057516394 14.739359017129535 20.71931264611294
2.433503590860395 -0.4674036012324573 136.83215287248876 0.03022399177669573 1599133282.0 5.352546545714182 15.657937169300814 8.366154327599533 8.399784216275854 21.05839857159289 27.553285134042262
6.091875438665054 0.6514900760970125 266.20679256059 0.05765099317265036 1598269282.0 10.293492383114327 16.922144123180946 3.245810488316429 3.429640233989513 8.721349929655664 19.343819127975014
0.43865620258734 -0.5787972009311735 176.9567953079555 0.03884178378143972 1597574482.0 14.074858968409544 11.0712203606609 8.617081970952956 4.441963520510546 29.28196986923271 31.618613499242993
5.221522485264845 0.3268615748162295 236.82187203207835 0.05151097192227151 1597423282.0 15.158599619166077 12.033654244275219 5.405694112354073 3.352536226570331 22.703557039885784 25.913313873076458
4.578911552296876 0.4575695275382923 255.63441452114836 0.05544768304340029 1600717282.0 15.704446853984031 10.703452538041045 6.910902803077718 2.522963057560463 7.155516523942384 13.119857299083883
2.877453998702319 0.18034923925233592 121.05289293353431 0.02680599834198865 1600044082.0 11.283482901670256 9.910245252144659 10.750873734156585 8.631063770110122 18.35106287256724 22.571436181915388
6.13072402462235 -0.8255753155257963 208.67612084822994 0.04558184841523321 1597725682.0 12.361632374433652 14.272336523071003 5.124129892473598 5.743246299355024 17.58202026902544 23.36261767489386
2.474937198003466 -0.8424244083619977 139.94301048394462 0.03089588825727216 1600360882.0 10.880937002362158 10.172920955988227 12.602756869033291 5.932779595710439 33.21124526297223 35.237380811084094
5.867529737572246 0.5796220815338414 158.9690880632968 0.03499135838035448 1597588882.0 10.402969781583444 14.604180955317327 6.156596308668145 7.59533634942365 20.505930300446146 26.295710926371335
2.576182157503368 1.1454104491414598 236.35159661631567 0.05141227932405371 1599442882.0 11.802733644907143 14.851663190987804 6.065846545186641 4.559959451109691 12.326626392767709 19.832066154618992
5.791254484603487 -0.49081411041278156 200.01188758399726 0.04374697500694162 1598265682.0 11.918216586512225 11.920257675758057 11.29763002945693 2.52041230026651 14.30989992510391 18.79410165680426
0.106045448549827 0.7469841137843877 351.66073126841724 0.07523021989351235 1598424082.0 14.901037145192292 13.345644857035248 4.216158543848684 0.557909062105093 8.806030219423565 15.998864565871273
1.626136141167468 -0.6568501808461683 188.25935409528546 0.04125067037115696 1598467282.0 11.049022031086908 11.602991536374482 12.371722025577768 2.996255522732814 15.947799521549223 19.948415208487376
5.61405696424079 -0.3157368904013382 266.5933466041462 0.05773144267611435 1599399682.0 16.758655487415748 10.26669612083195 5.066796782866287 2.6260787148399 10.839971306427637 15.159363989897976
3.448296944257913 0.44491231446252155 164.44748090656458 0.03616625038170398 1597236082.0 12.88393003938395 9.992010820164625 12.249091473255989 1.750774798994557 26.94147680832528 28.787995158409526
0.745835566216114 0.7933604612697697 200.52662147172722 0.04385612122970016 1599586882.0 10.880931618941325 15.294241205122699 5.533552644955043 6.017402655428395 15.922853634582623 22.88362332818758
0.394707094945243 -1.3036140090546209 270.16631533828667 0.05847452048379102 1600137682.0 11.857594392267936 15.421174362600782 5.333444080635178 3.53378720340783 6.799615373980412 17.220192796678422
6.256558471151152 -1.0888258132047233 233.26548682885795 0.05076440538880998 1598708482.0 11.836856416519321 13.582386429771786 9.418294940777384 2.484701729190759 12.815157673599403 18.83834467276533
1.776143757679303 -0.7823841924061612 363.67467843947946 0.07767008323087822 1598758882.0 13.692075419525601 15.063335834003022 1.557662588012396 1.648414312753348 6.4032299373399075 16.45061426892308
5.214524595169492 0.2976317329800595 191.32185552125054 0.04190198544416296 1597743682.0 8.055367890716486 16.695861716068006 7.392282812015671 4.636958500546653 13.886311269034568 22.2054683183754
2.183461007187649 -0.15343110843595403 257.0807860432709 0.05574948265597809 1599784882.0 17.14637925445249 9.978848743898448 3.99073785160099 3.230120337232754 13.566026914300604 17.147833270886927
1.53408388764843 -0.32764143102779647 199.70753745855586 0.043682435043044 1597477282.0 8.324583909332134 16.866382972756824 6.855469600694315 4.401991545028646 13.595598292539602 22.10639493626925
5.411709743852511 -0.0152695119343376 188.95844093256443 0.04139939104096096 1597790482.0 11.04078701734169 14.025577457222358 9.213117002302294 4.212790097725001 10.572326524338397 18.062073844198043
2.400175069582843 -0.531298454666861 296.66080994944633 0.06396209154756614 1600756882.0 12.057129655855293 16.279292581062304 2.120769870499017 2.532148752378611 9.355279901744018 18.945933766483464
1.53884464324759 0.6406389857031088 240.73715696605834 0.05233198391913495 1597912882.0 13.474128895807958 12.175089047288566 9.20438078833213 2.607742730580352 7.520400949992545 14.546117898152394
1.989081195784954 1.1644608658350806 332.53708608143455 0.07133074279696405 1598452882.0 13.488831062112144 14.822943386438311 4.339243723632889 1.19464177803197 6.160357007476576 16.0964846496041
5.558494889792801 0.9662792274832442 255.74945188958705 0.05547169741399633 1598917282.0 12.938794803130271 13.335364101647391 8.529317899476517 1.984390931471699 10.695485732006555 17.209391567861104
4.121374793306547 0.4362631970577328 172.3873629940264 0.03786561264483419 1599136882.0 14.211020690218923 10.31324361329769 10.306601427248813 2.800430541051334 29.307408489476387 31.195025202931177
0.524668595254705 -0.9776360076179664 199.12603363921042 0.04355912234372292 1599723682.0 12.493340522812128 13.597501724526646 7.29637161209993 5.310743728145694 20.579046014666446 25.230798381507924
4.418248527537566 -0.1874429720517122 290.30390398883986 0.06264905400093299 1599316882.0 13.672229297035946 14.73158621305566 4.033020886625745 1.594200370656311 13.879828343355458 20.302973723459967
1.719912835069233 -0.07587772990644652 296.44934816303925 0.06391845775386988 1597466482.0 14.669022383306194 13.610371995389293 4.428519178436162 1.726564404432571 16.027360238193268 21.09738198688049
4.973437890578403 -0.3648524635627132 157.38952910303857 0.03465225559486942 1599518482.0 16.011014244716446 10.087593707730571 3.357895279641113 7.426838291572131 22.77397899450923 25.99176009938063
3.404625870504208 0.7729462841165985 196.5511843612009 0.04301279470461237 1599190882.0 9.979789060889946 15.959446704816243 5.796509399852912 6.081461188346939 15.222488096437095 22.878204762511615
6.241578014427947 -0.4681806027677033 149.0183998277901 0.03285237639631823 1597804882.0 2.235819057077046 17.2033347535797 8.330652513195453 7.395716116340613 18.40629446976799 26.257246992497805
4.042833191083761 -0.7152277544418123 190.49364443624398 0.04172590051503861 1598481682.0 13.963702625208882 12.578094096607902 6.682533923072289 5.229694348537012 25.598246923482186 28.997041222128296
2.793177093912134 0.982060670540922 256.1548834523613 0.05555629430026476 1599435682.0 10.750508181637315 16.49005065376297 4.555262838546869 4.176538242993544 7.25498424496163 18.493243053977785
3.951655886485895 -0.5654268312533776 180.71032006943196 0.03964265649423096 1597966882.0 14.426956339505567 11.462439023662144 8.17104221166981 4.450436280495765 28.7994730941396 31.314589921600383
4.880742993411443 -0.3756014349638231 153.2061335469804 0.03375335188249589 1598388082.0 3.359217176809309 17.14719932091429 8.707884178937691 6.731886153146203 17.078492238809744 25.120104157450655
3.507798207982131 -0.1437374091690481 218.1231167840952 0.04757725788400348 1597459282.0 12.34984504791247 13.761413388012178 8.89348523148072 2.371066154911221 12.328578160842273 18.627729131988243
2.397088831088773 0.31564123519597637 266.02984164485116 0.05761416620486672 1599853282.0 12.037600810839537 16.097520387880927 4.137741548050485 2.404891321616856 12.211671068792882 20.34793786110581
5.829244516697314 0.07434931752331676 286.55752211463516 0.06187414953142128 1597516882.0 15.676935395100243 12.517736219413358 4.122625102843504 2.73756074590307 18.141964003659222 22.21078154424984
1.174217205335783 0.9953584914522579 312.20661648130664 0.06716368056836242 1599468082.0 14.125688816111957 13.900272279253594 5.810620892933534 0.679120999311926 8.664527340874134 16.393681978428386
0.891010451656229 -0.799683548313092 123.0755808477571 0.02724507690886259 1598107282.0 5.356629804519131 7.421015092159817 17.88312057465656 4.853273844884211 32.33874249167831 33.5323723878073
4.765764825490534 -0.30562253542720574 169.63090138697157 0.03727611004403133 1598827282.0 16.900353279602598 9.55077487429165 2.252728275365274 6.733769836192858 21.82088359392906 24.75301835586973
5.779316293165099 0.4052047904015218 210.09929669353008 0.04588280078223433 1598654482.0 12.432351548496511 12.469189247143683 10.512423092025513 2.596265069199828 11.526646423410973 17.17803395505329
2.715755827315357 0.5292586213768358 327.23676571232676 0.07024653005754354 1600526482.0 15.86377453941972 12.422859083449108 4.444356785162086 1.328500300530276 10.28980595488748 16.185562932594618
1.257709485246657 0.24840005856529185 212.00787575435015 0.0462862121211403 1597646482.0 12.613087297974733 12.851047547300254 9.689241447823244 3.083912790265787 8.351916640357356 15.633760031688311
1.071137665851898 -0.14236943871609659 248.00376039203337 0.05385337953790823 1599964882.0 12.329924123299184 15.431216197747514 5.781703752951111 2.064578406589763 13.661292599304549 20.71269738161583
2.301553066458498 0.68867585518203 204.8457429143643 0.04477124060519258 1599788482.0 14.234246989273332 13.252754819449176 4.266803271951552 5.604533287688017 21.73935524679427 26.070018608040115
4.058860874371709 0.9766616348092089 162.3287436850654 0.03571209640884923 1599648082.0 11.34436172903904 12.462306736817434 10.54535954760071 5.71976478143423 26.571267776707487 29.90078710701366
2.036727210827214 0.9814471799445498 231.2636537438485 0.05034384280654951 1598913682.0 11.129110285262128 15.822298858620782 5.426389037484516 4.958456740678467 11.423045416377889 20.13497953823952
3.709338882490758 0.08860739874339513 313.0872422044461 0.06734464619741491 1598305282.0 15.83121807809263 12.579892235139987 3.681443682208016 2.450298043081758 15.575268383977376 20.17043961793076
4.900359715325357 0.7175857477570777 367.3613863888975 0.07841729886095047 1600479682.0 14.305001332487395 14.728800164942097 2.200749598463262 1.463140087731394 7.7436569134376665 16.704566908727564
4.734783124628808 -0.5802776633394091 208.3382685930659 0.04551038038587725 1600126882.0 14.909344269475374 12.644602248565086 4.703077190497482 4.957482549945757 23.91004042093737 27.498229619164444
0.335610847998316 0.5518751320816409 160.99613633508312 0.0354263049581162 1600702882.0 12.803530028259035 13.511126869138854 5.061155590380166 7.5366456262482 21.823105285181946 26.750691595877445
3.150416225955511 0.1451503873333851 123.73653418529688 0.02738849184895542 1599619282.0 16.387572438718493 2.800345728764953 8.896291208125126 8.586225331893404 19.420225072867204 21.417524215732314
0.177435722368301 0.7988011481239045 120.69706190265629 0.02672872933106817 1599691282.0 5.068667664963971 7.036285241064934 18.151734904891335 4.959537692226431 33.26064011845886 34.35660788267488
4.854743419576367 -0.2814590829991136 183.05894297214996 0.04014331557290551 1600022482.0 7.94022979704071 16.777783296782776 7.847340859855509 4.89538983380253 14.247752440797381 22.54899784010252
4.450926570060089 -1.3403039446481866 298.83015897718855 0.06440966098824132 1598182882.0 13.038351976708876 15.081532075793563 5.436054362950198 1.829885148550821 6.933345438724614 16.699472098924574
3.100220512846515 -0.4755941448792453 169.67239878366678 0.03728498951861533 1599086482.0 12.175570515943836 10.857142585940347 12.665344093474413 1.974149960844135 22.77642076071505 25.308894797451586
2.639801093270242 -0.4085052344573963 176.42693462446604 0.03872864711293651 1599079282.0 12.885877887506522 11.22277165042926 11.715800475571784 1.389082542895318 23.071276131292493 25.69365556231736
3.700880899722887 -0.5083479533546456 181.35408809438974 0.0397799137969724 1597632082.0 11.84992492404529 11.54108938962854 12.328468229501034 2.406011146242636 18.458038856500945 21.90170843480798
2.09123856600935 -0.39500329682532176 214.6018634004626 0.04683412849853661 1597873282.0 12.773759869170242 12.482677099966216 10.197053391596109 2.914423312117049 8.594361273116387 15.43289138551409
2.333356387121152 -1.2136128056747455 276.32100528579656 0.05975284238049262 1600040482.0 13.08720944653316 14.461554368229011 6.951985741927809 1.686169011402161 9.610763414458926 17.445529343902372
2.482387697082645 0.11786061757502182 128.86611645128647 0.02850053072250318 1599007282.0 17.073800207534628 1.345149359350095 8.481756298802193 8.157664771607731 18.434578179354332 20.203727229786505
5.519505422749361 -0.7251878384075459 227.06391298706887 0.04946077661413607 1598870482.0 12.823447072664413 12.597571255005384 10.111767080665947 2.7058886143933 10.027539218809935 16.32703823426688
1.182140929521224 -1.3721435318560662 218.40306009041544 0.0476362992626372 1599662482.0 11.483023107768473 14.524021385736164 8.8265101803488 3.489809042703171 13.733591097235603 20.291315600372574
0.837067234901726 -0.4479007590807677 244.09273420310743 0.05303492256365044 1598154082.0 10.474398675138534 17.115007686586033 4.367246585382887 3.356235574525149 11.536074887644501 20.91097389307703
1.187248102306544 -0.2034050868900364 299.542526105556 0.06455655948066286 1599615682.0 14.206871037448321 14.67275484515358 3.743389502226798 1.669199437165572 13.979889551633816 20.335025777777908
5.547288690564301 -0.24727721171716746 333.25943144053605 0.07147837683558317 1598287282.0 15.80983177112302 12.927082238977404 3.575395662693585 2.080476371676402 13.564672488433724 18.853068102164684
3.788112237472056 -0.9341435411275105 226.2609527037793 0.04929180300114968 1599410482.0 10.775051947761005 16.223045140814484 5.409981755188002 5.087501263546266 11.389759813492972 20.46451786279239
2.94785763604163 -0.08146303400055305 305.5285504428488 0.06578999256614762 1600065682.0 15.266674001616828 13.426458748914598 4.191529657272391 2.053055432709988 16.12841848070118 21.085794123881335
2.609829717644656 0.38741711381685434 183.32568210422636 0.04020015533103491 1597635682.0 16.356713173915658 11.219831992172217 1.353538902166253 6.323479177745687 22.04173551209629 25.528594227437615
5.899651506369434 -0.44597710759287035 203.11659962322094 0.04440501488398973 1599043282.0 12.395861494622556 12.41325607280419 11.00481264016363 2.56889357812407 12.978182919431555 18.14170257817502
1.778217018751812 0.6236760463431236 283.66669181412783 0.06127567427320739 1599414082.0 11.662377581450851 16.919982622051464 2.265970491234428 2.917491203382286 8.471870099548612 19.14602177571002
4.813474452118434 0.44269966005797895 221.31442085804255 0.04825010288503517 1598190082.0 15.568469805808132 12.477834854599127 4.315715315938541 4.397845858024754 23.356039615188813 26.842913354475208
5.104626834855596 0.7714962588621505 176.8115233353467 0.03881076508629969 1598816482.0 10.462564866320134 11.86409348748068 13.216824929373985 3.375344397661624 17.887392554098277 21.72805735602973
3.364253347436846 -0.04911277701154599 201.05220782668567 0.04396753108911967 1600216882.0 11.838277756572241 14.18528018497555 9.115609409091972 3.493967517384179 10.648945609513806 18.07844090438053
5.309207988714597 -0.3177186335476802 113.84106619166184 0.02523823711317513 1600551682.0 8.18767425298957 13.02664799092453 10.30639675764328 9.729252682489099 23.24387215356961 28.365992109049667
0.280048549682362 0.9729809806382129 207.32174578810148 0.04529533184823678 1597434082.0 12.7854660379546 14.293572214034043 6.449151892553926 5.362018033495112 18.586235203528226 24.052143003695218
3.308194798651286 0.7692683065201517 292.41758972237824 0.06308589178693097 1597884082.0 11.79991731022979 16.930072489253416 1.994230833718095 2.958878128831442 6.212394826002636 18.275014739988492
5.555509757473188 0.978434819090139 347.54142219377775 0.07439187051679308 1599536482.0 14.3261297942317 14.833549267225756 3.686437443305151 0.854844503794891 6.834385873340755 16.354625439141117
4.20586546372699 0.7219510088378793 354.1419565433367 0.07573474582724589 1600558882.0 14.070135589720941 15.393360734453813 1.449413765068886 1.743626786603549 7.2121423936348705 17.08832311779161
2.711780981450268 0.37850060112842265 263.27232321742656 0.05704009687016751 1600202482.0 11.975812590584713 16.634138654934443 3.81877714207195 2.639560168337521 11.778261643597036 20.552111668120318
4.376128175292076 0.6781549569180441 193.2102721621792 0.04230331558516664 1597315282.0 14.015602877509696 13.793671204026465 4.161087877474349 6.210848767750296 20.95556926359429 25.845229557153328
1.707656615643685 -0.3122610499896988 121.01222523358271 0.02679716731636416 1597920082.0 14.939317363321768 8.791257756073435 7.361635479413735 9.442843147305396 24.702963335772953 27.869156736558725
6.025326163855628 1.114230317124254 214.96465248363955 0.04691073120119676 1599752482.0 12.371859407703033 14.792142382626874 6.897785195135744 4.966836823618274 15.791311036749137 22.20005514767276
3.257884650316752 0.40678588468395044 178.08627985780308 0.03908286733530806 1598751682.0 6.43660205229807 17.867508507584535 7.381799721656986 5.468975877836198 14.98399668909297 23.95157018234314
0.779523623526193 1.2787784019102175 189.0405751929062 0.0414168632323088 1599694882.0 10.898480136027214 14.258230840489198 10.215014299227786 4.395884389816342 17.6916680991895 23.143380617385777
3.880718280419711 0.2261132830905641 212.12446765667354 0.04631084433989186 1597239682.0 14.83272503744186 12.600174685529284 8.089549270079297 1.293855273420261 22.816594692117043 26.09665604859661
1.874163127838285 0.14039053843926935 294.85321942148835 0.06358894459347862 1597254082.0 14.817476008940533 14.360260517932248 4.156269994371209 1.709651875691193 15.301201423406633 21.053901222305555
1.862687801096024 -0.35066111400459443 343.063763996233 0.07347960597012686 1599874882.0 15.717599813622707 13.561493183173209 3.434529061404467 1.853565560194213 12.473114728196217 18.518325887237673
5.997836346031725 -0.8453086189646704 115.61255879656095 0.02562366781927533 1599205282.0 8.420298411966174 7.785329309239349 16.51345307928901 6.49254132903463 39.136747096527394 40.42832446021068
2.181732538032001 -0.7806175054946726 292.3556777152394 0.06307310317852402 1597282882.0 15.165558084576757 13.200538136441226 6.447866237850477 1.096660705538389 9.009051637705225 16.01935963781169
5.046636113589124 -0.6899246701595433 298.8464633878147 0.06441302314975247 1600339282.0 15.673758066874338 12.874941619030823 5.897067600904891 1.106738247513164 9.15233638320034 15.83522189655747
4.02911683535612 0.9017224225878339 277.15363360833123 0.0599255843311908 1597866082.0 14.37278407658604 13.63173297367463 7.316528648717744 1.368192857067521 9.505063401388629 16.67460121934304
4.558906438841742 0.5804164468015547 157.38645748966727 0.03465159590135558 1598946082.0 6.121532012235076 17.385704714412956 7.43435182358722 7.325682658841052 18.177125400956847 26.1980198235843
5.190373340187619 -0.9758430774813588 210.63564495939357 0.0459961907945257 1598920882.0 12.731658907854962 14.838091376576934 6.113165865595811 5.408827919248075 17.06794218848509 23.253795941935017
3.512594694047023 0.02240816891969324 151.00214925295757 0.03327931438559502 1597599682.0 17.76946181532757 4.667201181320851 8.379561707531332 6.434643764799262 12.654031499117094 14.943624741923909
4.765033615061878 -0.3682311269250971 157.017616558022 0.0345723795610048 1597275682.0 16.553815797964152 10.550485780645273 3.074336194778747 7.437830314616272 23.252490014409414 26.59534474051488
1.034888248819539 -1.1377437389297191 205.15720864565213 0.04483718172631749 1599298882.0 12.326701195149163 14.635859525967891 7.692773299765749 5.01202286317455 17.233436343198143 23.158585566478624
2.473644231124249 0.06612536293804719 273.07535992466376 0.05907898087170361 1599748882.0 17.146237234570723 11.656071202242236 3.340518126392693 3.137912865473353 15.906363678226473 19.968046937220635
0.612355696143872 0.47432807805935484 173.8375116169274 0.03817554667125449 1598838082.0 12.372737375289697 11.629527609164803 12.57199716560786 2.143414901022698 20.66209475295077 23.806770033546517
0.015261942261171 0.7887098257710109 335.788923362012 0.07199518026779628 1600490482.0 15.363509555612438 13.98096926519074 4.495697597104431 0.422581220593555 8.938235967653435 16.599341513917352
1.63668741917856 0.12821407723926145 236.9513850736468 0.05153814215880749 1599176482.0 17.35062866393789 11.3323185718072 2.261007867164183 4.186846275334434 18.758196726966425 22.31190423056226
0.186029450806726 0.6625803777891596 224.59871893964453 0.04894191353069537 1598535682.0 9.207934005461913 18.03212263488835 4.73646888883055 4.474396210888256 10.645767457743231 21.412847380393124
5.274950488429944 -0.7639298595976434 208.07997930074438 0.04545574281444236 1599082882.0 8.975861768637566 17.664733294401643 5.583835745432638 5.365813368711058 11.883795161764317 21.955849856403944
0.946493096008966 0.8463876751513676 138.2315851793559 0.03052633082769056 1597808482.0 7.445928681205007 10.465831062170073 16.38057755900381 4.454672189897633 26.641158465888356 28.967724255555634
3.809255901505293 1.361494178759247 221.63299352336801 0.04831723243516958 1597506082.0 11.94772891408924 14.922318558729 8.872215434597813 3.202064672284325 13.291998600491853 20.238726148875
2.979258737910237 0.7390791170686201 349.14791336503384 0.07471894290450559 1598215282.0 14.344152998953472 15.619989538144454 1.590960737018633 1.729602510000086 7.203389956791312 17.28769576559996
6.154915907055215 -0.5257094427499666 194.73146040591337 0.0426264446081008 1599954082.0 7.471475839533452 18.30629596758293 6.167188042348761 5.131801774979496 13.544551880163342 23.343323395456398
1.478155670628856 -0.46742982621944185 306.7106837282417 0.06603334297819412 1600724482.0 16.62369611972508 12.444614554538822 4.628072095137668 1.645887038844353 11.02916834588358 16.709875222679422
3.222269596694598 -1.4068587777558865 231.704124962678 0.0504364087953816 1600299682.0 12.22660134296099 15.11801606612693 8.26834781866599 3.057467441804179 12.090609514296084 19.598095707505657
3.989179680790035 -1.2817961342132607 251.75386754059838 0.05463732584350899 1597862482.0 12.301897555221878 16.01197843634587 5.749326193540486 3.894903545862343 8.055527400107387 18.342443914905587
4.466603344102314 0.2393805857675188 224.17066233422065 0.04885179363988139 1598956882.0 17.1614728109991 11.708626766896954 1.702748098843153 4.653322210175578 20.417369556900816 23.991963820856128
0.223008515453385 0.6069494492109133 188.13308457803979 0.04122379911973596 1598042482.0 15.043821168673961 12.687669945507755 6.656852789787778 4.988128499819569 27.104226204506517 30.339701262898267
0.959084880733546 -0.08030974342764584 221.24429217021043 0.04823532538596483 1598197282.0 13.215110765998917 14.628390365673742 8.10176813110823 1.601617453334368 15.311140241233371 21.23643092998627
4.781324946172248 0.9636552891088057 151.36129668169932 0.03335657698271793 1598982082.0 8.303169373946444 12.14749448454432 14.890424760960151 4.350728939685149 23.48560833742036 26.79672113407454
3.354619229911443 0.36551563405630916 145.85302499930134 0.0321705924955405 1599961282.0 3.451002396696622 17.657771992051185 9.176833157384946 7.05990894855566 17.831103103561766 26.068898403557707
5.309779331138528 -0.7619293068957221 180.3489553143637 0.03956558394988507 1597484482.0 11.16871777091388 12.387641090650586 12.983112299057726 3.326179523860205 16.774250260027557 21.116169013383
2.373769736289682 -0.2588040921271838 114.86151354652431 0.02546028798933467 1598614882.0 7.922406613763862 13.565949054760383 11.1937842721742 9.263046150211247 21.107368761051042 26.746214942535158
4.62659030672696 -0.19057770944609817 252.82373854253945 0.05486082440806092 1598402482.0 16.605326371752582 12.526016131512593 3.492354116185583 3.639544715517326 20.123159238762483 23.981011313365325
4.675189065246185 -1.0700994803467672 230.65716072674775 0.05021638697414153 1598046082.0 11.934317284663035 16.11258841000541 5.722097071280584 4.827116533389663 11.20840115895226 20.212491579148942
0.321036385121344 -0.15710220035691785 203.7996666363237 0.04454969883570818 1600519282.0 12.717584835697298 13.955907121713132 9.62614886809781 3.094389522900117 10.447619974605242 17.705799988791462
4.099416596594633 0.1261355328887725 295.1835705825158 0.06365714401391091 1598748082.0 15.291673920110748 14.285274102960269 4.219121103888919 1.856206657579554 15.827587502038066 21.401567360523423
1.652979436694386 -0.4037820484424991 206.2198496760234 0.0450621435697194 1600710082.0 13.057983622025098 12.91185611279474 10.668817221526947 2.903996297905046 9.933201600249088 16.547438375982917
5.27151378643165 -0.6950370700015577 333.4852341226818 0.07152452672978013 1600188082.0 13.947832597220957 16.14276154550206 0.667918042859823 2.040600134576276 7.297298391919053 17.832648794973707
2.142330298684896 0.02774897478891284 277.45675178648605 0.05998847100459526 1600393282.0 16.748271389587497 12.573565094369231 3.565292088383421 3.080930398781574 17.705979572211806 21.933727086750633
4.559043848180222 -1.3565884387964682 204.6790556164508 0.04473595085676262 1597293682.0 11.675859142707312 14.904665428377472 9.363964699579036 3.862918638069967 14.990947882075192 21.489525595957524
5.175812686136297 -0.6354791392083562 254.6148675388976 0.05523484977535763 1599302482.0 15.440866204555476 12.512596858451623 7.846332315532943 2.140555299937641 7.8231839539640795 14.911380362387165
0.379083929170217 0.4929456587932536 340.26279211217286 0.07290840214416597 1599464482.0 16.08268280219903 13.660666257430094 3.712069772370178 1.505779354409704 11.173086231828883 17.71211534529232
2.637362500209916 0.1796831860525501 234.8237398978846 0.05109160400014461 1600321282.0 15.68777031416678 13.046828991820064 6.454960537929608 2.24189257237173 22.124106683348575 25.782201721033083
5.457460767799301 -0.7817529978177761 196.70338228741386 0.04304509542198184 1599356482.0 14.034325236706884 14.344570184097071 5.104253615068215 5.941557304146673 20.99859493992716 26.115317084348792
5.993089398828714 0.574630102377036 254.1159662515066 0.0551307027441029 1598784082.0 11.259887344269695 17.746065959664133 3.335413148625699 3.36285784499844 9.999275905610212 20.645028180337622
5.988800213611617 0.5575525958442519 170.82479695820606 0.03753149963476599 1600450882.0 15.038712545407131 11.806919410218232 8.820836829985895 4.564897864146937 30.45162609358743 32.97791943426898
5.492623590744028 -0.6360410675122441 349.37263710010484 0.07476466926745319 1599234082.0 15.66250394852635 14.336399304848044 3.457829045651703 1.213418221492425 9.732898347402415 17.37049334501372
1.355849490002274 -0.11934540736579609 298.8211704173329 0.06440780744132814 1598924482.0 15.616953808844931 14.107324459759944 4.19033562337566 2.009475951526464 16.042779207257265 21.457524594079125
0.962560018922059 -1.206505873653241 177.07374286984984 0.03886674724812254 1600512082.0 11.176196166224454 14.284930140670747 10.490791748612901 5.04975952982589 20.277599200112345 25.312849103830803
4.532258224166876 -0.6644266614135449 188.48362033468302 0.04129838378397037 1599514882.0 14.560645120114996 14.028367564076497 4.104998300687607 6.343082057781229 21.745694732889685 26.644042972503364
4.857420782913676 -0.07709683943845463 241.49864350431696 0.0524915652495668 1599450082.0 15.202596632351739 13.864895351650022 6.387341026429732 1.352037662460846 19.683384496185024 24.11428941888141
0.41725849149667 -0.41693775232847863 226.67108474295097 0.04937811049842264 1597772482.0 16.467264001943995 11.059039089881242 7.943380643502265 3.082812654255899 6.181256154212754 13.038941946981536
2.218545540325451 0.6998607766166478 171.30639339921018 0.03763448947680319 1599104482.0 14.50621820291071 12.67347551447885 8.148952229574283 5.417240933964758 28.978833623538993 32.089504189586236
4.405861062184812 -0.6609193251067101 140.1979144021444 0.03095091572921775 1597898482.0 10.106710592340674 9.867606661093454 15.975481200513595 3.555496721670913 26.935345441537688 28.90543291858528
4.314054931377092 0.52167494728175 225.73645552121025 0.04918142869524155 1598935282.0 10.017865290803693 18.153090849208354 4.702586235930706 3.97955671906299 11.709503417039665 21.96551955528289
3.868336863635176 0.24172444303725554 198.71157214328053 0.04347120294777507 1598362882.0 14.345291207989877 13.174456601386128 9.41698507889074 0.182686755966369 21.372810771213118 25.10770243281323
3.847994112478098 -0.8760817988618685 233.67699824479118 0.05085083552310429 1597815682.0 13.605589130360514 13.680836570355732 9.553343934218939 2.348813719119931 11.063804896101518 17.750774460031558
2.268260538477088 0.10506012780401364 175.9182354413365 0.03862002888055404 1600288882.0 10.565420900945346 15.785458955715525 9.305610773632797 4.664453887894456 12.921541423106426 20.92615772816234
2.21542673000152 -0.5455755368367373 147.46673761168313 0.03251824245336978 1597664482.0 5.352579237446982 17.791802163843773 7.991394452243242 7.75819240714367 19.302251237090204 27.37361277733299
3.40455562965597 0.33803563284640314 293.41870708718636 0.06329268362811966 1599432082.0 14.152858775881938 16.01435295691421 2.931511453932582 1.98511176829443 12.428007686565323 20.368002956072413
4.092528369423283 -0.7579228203149354 185.04545623079864 0.04056650747134755 1599601282.0 14.518969761932533 13.59238738950657 6.615221056192666 5.62953413674068 25.42744771609776 29.376857335290836
5.618494039770431 -0.6304423702195462 120.26255060098822 0.02663436013475436 1600238482.0 10.419443705434004 6.468160646933375 17.466123524390433 3.960464016704599 36.00784054437042 36.79792056694176
2.707226113752043 -0.6399636416625258 322.3715921169053 0.06924996626426816 1598071282.0 16.242662173185753 13.641673279208263 4.606056112036271 0.952684358470012 10.07077800090806 16.983033500735722
1.401507416132213 -0.8530231888254367 187.93623103278566 0.04118190697329376 1598787682.0 13.970272875675843 14.075973078610074 6.793038044181254 5.728548181689349 23.409122750451797 27.90943049088268
3.228302485429264 -0.7237957106545804 158.02006311867447 0.03478763424405262 1600728082.0 10.495952012491893 11.638155634932415 14.635238827318616 3.573841161807691 21.22433856107247 24.46817432069193
3.286595000517361 0.19545062781236203 199.280352890078 0.0435918470185206 1599914482.0 13.095642330784333 13.773867413890883 10.017451209727884 3.323424289965856 9.23401743258507 16.912470265808754
5.64012762602652 -0.7171010818270146 258.88889411468637 0.05612660578452681 1599770482.0 11.405854293422252 17.960261597743422 3.027259812178142 3.524459896973318 8.036443377210556 19.98942811537793
4.814942500597773 -0.0215242670911149 159.03738949679956 0.03500601794076541 1600764082.0 19.054342261675853 5.095775937694768 6.933680657239066 6.115599818994323 14.711842569908033 16.727396849331654
5.857752676672699 -0.427652862285652 295.9654419109937 0.0638185576178134 1599061282.0 17.112171158327122 12.531787416324898 4.659130003281433 1.849377516076178 11.61580529240565 17.186995829289256
1.894850457144906 0.32609584790412693 328.0989438618652 0.07042297418445087 1597250482.0 15.737838458298592 14.61075285453087 3.283682735223316 1.935025532148792 13.065084390285662 19.69555414075816
3.158795492206988 -0.4928380447343398 183.11687130139913 0.04015566184122298 1598031682.0 16.23224319480931 12.902886181737411 2.232617776508808 6.406709634167774 23.068456525889523 27.19713379461636
3.052759530900675 0.19076181440646023 282.53791493770575 0.06104186955627824 1598722882.0 17.4653149744726 12.23127787277878 3.840563211726881 2.696436358777932 14.626293429477768 19.256255786711286
0.622746369061399 0.5578116283402622 313.14153745199883 0.067355803688469 1598359282.0 14.076438920626916 16.515166186583112 1.168252380019697 2.185067711852419 9.322618374811482 19.0902186587323
3.730538968102277 -1.1239580382996013 242.88389992553968 0.05278176601896348 1599925282.0 12.12909072519342 16.800233346357942 5.371991041085884 4.356953698152852 8.212461853009724 19.20092226188797
2.593209653268349 1.3631730779167157 203.31048253620412 0.04444608988053567 1599550882.0 11.943791131575358 15.198029783905534 9.43307636960429 3.838026351195253 14.94668390089822 21.659037726046808
1.587653481626547 0.8560954176907192 123.94053055620083 0.02743275095965496 1600134082.0 10.740822716101768 10.246043843897308 14.650139234990124 6.513950721898327 36.963568962680206 38.90653414167344
3.562654248141537 -0.05176104293627331 177.25019811998058 0.03890441058733516 1599273682.0 12.552498382350178 14.029107910086749 10.141146219285428 4.500052748273105 9.333711830247926 17.440886445941015
4.038852723143888 -0.11450400027126485 209.95070578417295 0.04585138158750644 1597441282.0 18.359553394702264 10.588568223147817 2.237175619713871 4.836837857179664 19.15516575471284 22.41502069067583
4.52142002557442 -0.34708254305426123 144.6483258807262 0.0319109394442312 1598478082.0 17.133070121433487 10.240632710207999 3.857344858623772 8.03073613044335 24.243538270741407 27.515676059059377
2.308058798646294 -0.10551643258374126 223.26064988315727 0.04866013635410426 1599417682.0 14.809897591727298 14.22899810194302 7.465728165536342 0.662063466679933 19.507970291285762 24.154991614668347
2.085835879132186 0.742878964526836 178.65795645419902 0.03920485304546883 1597880482.0 10.488178235713601 16.90315298132965 6.261673394256968 6.700837514394103 17.005073445735785 24.895588504781585
2.90966928327377 0.9625436481604818 228.78113842456182 0.04982198758800959 1598276482.0 13.433778984738874 14.158446688296838 9.695907910840914 2.367690019596047 12.102612837573265 18.776070040091767
2.290221390706991 -0.2630535217884912 277.64683850023 0.06002790750806895 1599288082.0 14.321013232508939 16.085324571987783 3.696771428285362 1.893475426152814 13.652736436099794 21.18301508211816
5.221999216252376 -0.5801377085345473 128.89415291078552 0.02850660439708957 1599716482.0 11.684081734706856 8.23863662644563 16.31245057452775 3.279165408476277 33.28065346472938 34.4416891902555
0.139612787618686 -0.481664133733815 205.5196127635553 0.04491390712957778 1600234882.0 16.40124438174821 13.212603994607326 3.462712913431109 5.167589471030326 23.884844316374654 27.780616862785312
0.926142158387833 0.5381804097153887 156.4333168951243 0.03444688893078519 1597437682.0 14.56203017274179 13.788452119570668 4.580245569821218 7.732407535891267 23.3620362658526 28.208088851281875
2.60581977104742 -0.06619103525762725 219.28705983869602 0.04782273902623222 1599511282.0 13.879300668600315 15.0389018476263 7.906456172903229 1.315707762753478 16.553473559238842 22.403507372193467
5.723998360370893 0.04439808490645691 145.4782132652571 0.03208981462353462 1598834482.0 16.642909925174298 7.892743033192634 10.097768548758216 6.48642539748227 9.755864653669036 14.126075256978591
1.866136127849177 0.6072118298730124 119.23147969497728 0.02641037855133023 1600227682.0 12.365904301795782 6.504462166217403 16.417407816454094 4.374050556678542 39.431888383860134 40.203409903406666
0.162721132226479 1.055790212703014 219.05565064462274 0.04777393372337931 1598200882.0 12.411220967359341 16.371808876549533 6.02364210297062 5.127627570272998 12.722459969253572 21.358597286782423
3.748989448698913 0.8357265482101945 202.75790536880186 0.04432901250104498 1598715682.0 12.704207438297141 13.553392887674041 11.43118301669449 2.989432784186824 13.425197828920519 19.309767059301272
2.192373482447669 -1.0538115635206133 187.57562126251398 0.04110516607799923 1600263682.0 12.998513687921493 14.780101714978194 8.200145806364754 5.524077095398742 20.643475515327605 25.983069791942228
1.749933785984331 1.2477133874242312 197.03403797554247 0.04311526993877459 1598665282.0 12.34347291183882 15.261878214055526 8.763496115785884 4.830709098268219 16.86213775962907 23.250642288708125
2.509670649107891 -0.8029844536048417 237.30178730502362 0.05161164366388536 1599558082.0 10.72827048449909 18.302003986843093 4.204982388928494 4.265376724450014 8.359665330816128 20.567955488554265
1.269025325690904 0.38754622283303014 147.57948747982059 0.03254252696994285 1600630882.0 16.816020423375875 11.253917397272703 3.644936619835842 7.95629645186067 24.426007277597233 28.046089594447224
1.897224347778663 0.46723140410155684 185.13229848936726 0.04058500229298806 1600825282.0 15.898504151584241 12.505687592736463 7.731137283064981 4.148178753421438 28.61781568823934 31.50522153395366
4.632305024738001 -0.8953549883123904 298.01718702766357 0.06424195121331093 1597318882.0 15.52568622108693 14.495037895738019 5.933742760829237 0.49548457870616 9.285167423802616 17.221090634877402
5.739390440764015 0.5054086953711491 151.71734181498806 0.03343316782828584 1600371682.0 12.699456665770626 11.020388075614147 14.162078874467047 2.332147339093619 25.96890405921528 28.306745531500223
5.670849837891714 0.08305531669606167 205.42000787069293 0.04489281955028707 1599126082.0 12.216920406946818 16.347076780007356 7.948361227503577 3.058007193324862 13.849822186811663 21.64245600324009
5.717807679908599 0.9489256778463993 304.9098554510635 0.0656626228215022 1599360082.0 15.397038749792824 14.87446959339465 5.533771141862919 0.321801995428897 8.950067127209124 17.362520087551616
5.80558899790516 -1.2087048870040216 221.95710927714467 0.04838553002347732 1599219682.0 12.828042405180216 15.127963124913618 9.42873346497661 2.663374166620074 13.285149444020558 20.308717980466543
2.104581447465293 0.6651692903971513 238.78320438363065 0.05192236389427598 1597750882.0 15.324020742702265 13.095532919570951 8.796931728781347 2.394228854246625 8.068489176679725 15.566818295601431
3.353392194617419 0.2848875409479576 114.51762839823442 0.0253854631836992 1600738882.0 6.204832018797431 15.3829710468814 11.338927559184274 9.276974432471278 21.576919233757792 28.07599502190482
6.242553308470599 0.36684723564081523 111.77055119566032 0.02478748262881003 1599230482.0 12.022058444587845 12.597508978134085 9.004052592020862 10.277147879404135 26.160210350584293 30.800545556469086
2.303193508751538 0.09577212976430237 166.5279738744057 0.03661192851574749 1599342082.0 10.806621861434152 15.841893584608568 9.844549828544661 5.052192116745239 12.9960707499512 21.104219778714917
2.29251672517113 1.2505701429505858 173.8350839661902 0.03817502794297611 1599028882.0 11.02625526660824 14.739178825802703 11.443087755254346 4.557772340670114 19.50162626729777 24.866244353294018
0.268646840988311 -0.8416766695157059 163.41915854370197 0.03594586392140844 1599637282.0 13.851181503318967 13.448254505361142 9.089303391699852 5.937222766448085 28.350617315665627 31.935304376171448
1.312709694153371 1.0000098658241747 238.04665341292147 0.05176788918719967 1600018882.0 11.648171105114491 17.621983076834326 4.962192400608973 4.48953640620477 7.827000447920938 19.797781711965307
5.215922484620083 0.47831383052640813 321.35922817875104 0.06904242417870639 1600746082.0 15.074176961279779 15.994243725982948 2.064113277220355 1.976962921109601 10.810903372817531 19.40618062613003
0.606136945003981 -0.35801773922047997 187.5470682911882 0.04109908975737927 1599892882.0 17.571836955279753 12.085557159660869 0.51756647581567 6.01289881540597 22.80598805855605 26.50148553101772
1.475822494969611 0.5788554843607565 190.9395974854478 0.04182073030839824 1598139682.0 16.00753320129889 13.733629553849422 3.333691524003092 6.015251813865645 23.568166394702946 27.93303245827394
4.800366991390677 -0.15388643764500642 208.2799442785706 0.0454980426738839 1600832482.0 14.470025841250358 14.402762658261786 8.67322665351788 0.614881090435831 19.045640238623477 23.886273527795613
0.713216835084303 -0.45018026440167885 292.4427086642258 0.06309108038161124 1599507682.0 17.352030877976073 12.858239074067088 4.79094913802227 1.787607421675484 11.617685621960792 17.42126492510258
3.349161955961647 -1.1495195161072091 189.13448737270878 0.04143684090750273 1598319682.0 11.550983278570232 14.66939905409614 11.498468859878825 3.462155654110035 17.011321221638696 22.728018833311843
5.531225826621522 -0.16963499641077492 274.32441636447106 0.0593383925719299 1597779682.0 15.236377940105731 15.564640185988486 4.296729093107663 1.723714736727691 15.495621051712755 22.03051266746154
3.393922592752268 -0.7648012721158096 237.4329218155483 0.05163915086283594 1598449282.0 10.91527124947909 18.547802161836625 3.992653459980752 4.147549152197112 8.56990836159692 20.848656031761163
5.294732835573556 -0.06288189961099032 147.60580384704562 0.03254819509414181 1597837282.0 16.454221228064547 8.906827181497075 10.35414445855072 6.283885941117711 8.59004763454889 13.878318029424564
5.091207017061215 1.1220047612044064 204.1658040340986 0.04462724655899633 1597585282.0 13.06460339040165 15.701922370920862 7.249289134043499 5.215244895406643 16.34966514779177 23.260711423049962
4.19865564371094 0.25101701222533146 106.12417238404788 0.02355675323032441 1598856082.0 10.449437459236377 12.28822378635654 11.570366044680176 10.146561441897024 23.114849854381312 28.07578025110543
2.894260799605779 0.9720049515257178 284.35634180210934 0.06141850461709621 1598629282.0 15.28026658862565 14.852951880678333 6.501595204179084 0.81210118355781 9.52632881434317 17.664105654718753
5.417309074238793 1.240169312753635 273.629419467896 0.05919405135495467 1597286482.0 14.30015191920066 15.800324311140448 6.432245590764617 1.582605161136795 8.885263331999429 18.196230156607886
4.724761452261346 0.1406539173217685 120.01176963031243 0.02657988888336536 1599900082.0 18.580669337911747 1.454855153925286 8.496312231754464 8.867455515280492 21.04088436181784 22.879405271155367
6.120102091775775 -0.8366158198712678 166.44236014980004 0.03659359648572875 1599889282.0 14.129118847415949 13.727334741766194 8.653749699247797 5.939969407572568 27.772841846050767 31.544471780030612
3.742234006354777 0.7083273412098755 162.56664545007726 0.0357631064123551 1597660882.0 14.862250844050688 12.981657576025581 8.782929032273323 5.637338868664407 30.451348888182245 33.579572243421076
6.103554182347177 0.5373155004770771 153.018805899027 0.03371307096615623 1600368082.0 15.331974032861662 11.295040404612582 10.79763382658155 4.385506850899363 33.658748804812234 35.77320197000214
5.526196459483501 0.04017363858077436 170.73790996462236 0.03751291434147806 1597362082.0 12.75639127327415 14.326618310809595 10.412484493977969 4.741427255956574 9.669608794914948 17.923014782503785
0.662990998534751 -0.44373890417007367 194.17355982514334 0.04250794845595643 1598110882.0 13.428704089474694 13.368202952007138 11.48690323957496 2.924390367682705 11.90862874155562 18.140461617413496
4.228647384494034 0.6480485467991887 221.29931727116403 0.04824692026109116 1597470082.0 10.175582289253473 18.874981188657515 4.57247824295222 4.381256299040719 10.75055623660576 22.15930461513813
3.608649880900312 0.9822378180774843 149.13764911873062 0.03287804487323832 1600072882.0 12.155350072839148 13.451748195064532 11.53027952822349 6.188991588373313 28.76042450113274 32.348340975538974
5.479729897725907 0.9992483836518453 191.5791255603745 0.04195667148691282 1598884882.0 13.565930734060471 15.203160042885907 7.286401949020474 5.677823121160707 20.13894957423038 25.86408785629572
4.131319345832564 -0.6488313920162014 121.69277963784903 0.02694493121766555 1597628482.0 13.301883633302008 8.410042068157711 14.99416752818989 5.316132830526987 40.15266709453584 41.36697657147076
1.31896619739742 0.4114923286044338 320.7298505871533 0.06891339712327395 1597668082.0 16.90879553608573 14.025599936623928 3.859768771128842 1.807330529302607 12.525238988993763 18.89088428199654
4.548280408014516 0.10282281384994058 175.50923300653858 0.03853267861848959 1599212482.0 19.485527338625836 8.74397184323434 3.370102431348536 5.893919680584478 19.67867539269495 22.325895234178486
4.197463914304944 0.3437150740498072 108.39213917393634 0.02405135819851943 1600148482.0 7.350517536306802 15.032267919754013 10.85334540312928 10.251806745930358 24.749570645487914 30.718233469767853
3.410544625796165 -0.9608677906856137 256.08594146301164 0.05554190964501828 1599795682.0 14.885645402267977 14.672586163327667 7.996392091606938 1.555962697994831 10.470778245997229 18.09262285338073
0.281010939328455 -0.2156491251199408 243.9177784123756 0.05299829283038811 1598143282.0 13.712133306653115 16.884409046924315 5.061370438909451 2.154972623441877 14.357650598254125 22.26812310396165
4.324616622419062 0.08310665045261287 288.8863695694849 0.06235592473246179 1600641682.0 16.892467059395287 13.938754520581002 4.1785904499495 2.516066242258293 17.104732522652508 22.207911689124114
0.332142171833563 1.1307094517884078 150.58926555389385 0.0331904687269356 1600548082.0 10.71158987380265 14.057810013707124 12.6187353450902 5.752726507989504 25.426661538776937 29.61808571911304
3.069374770763956 0.05031350061135412 212.54392882739631 0.04639946335295481 1598658082.0 13.195006276854075 16.353103496230826 7.678706949941335 2.407583005512279 14.805138507234634 22.190371247576508
4.020732754239405 0.4322993719852015 118.21583145781831 0.02618967978062925 1599975682.0 11.573350805455217 14.347835251456283 8.279133040794708 9.901846443303183 25.88487588747015 31.207911482497853
4.865403074745205 0.12104276451116354 275.2746289700942 0.05953564018638464 1597639282.0 15.91490935881907 15.140950820621583 4.539372480353079 1.857192178066447 16.68404846811872 22.60652622198482
4.76259174051971 0.166798175260543 297.110995969416 0.06405497789244399 1598496082.0 16.45793090570431 14.649916431611166 4.071069571766835 2.165086608542179 15.93190517724822 21.75162646912888
1.383242958580514 0.18679121384620875 302.10043395725154 0.06508386441339777 1600083682.0 16.977004396997813 14.060385612134734 3.934714231960545 2.34384803117313 15.535806063000386 21.084338670736607
6.170084260112831 0.04135750272917592 183.45752835117224 0.04022824522770229 1598445682.0 12.043088368487313 16.116377987812598 9.361059000957964 3.97417136920719 12.840345112269295 20.98585571569705
6.1864923398841 -0.6936545847543556 178.76129388108214 0.03922690176938807 1600771282.0 12.437069092910303 13.139533646611378 13.06430604121159 3.311813297595581 15.706782462344885 20.74411885542474
0.909809432302228 -0.35558356079582715 170.78477585684752 0.03752293904501859 1598589682.0 7.96165303660604 18.800015784956845 7.921991981680795 5.425495838323131 15.60080321889423 25.025220472174638
3.477294348548459 0.45061754930420406 203.58886176809082 0.04450505046684757 1599118882.0 16.88986634186393 13.532293210106703 4.269628440986189 4.915460542716899 24.98000240361801 28.83201747980998
2.092753313241452 -0.9281859229069904 141.63913057586691 0.03126194866916478 1597351282.0 8.765320976941496 12.551255842560892 15.995832054854375 4.554723443945708 25.032735983261155 28.371066241576212
3.872972346678917 -0.00955102980644108 254.44964900992628 0.05520035994793982 1597830082.0 18.11996071367801 12.652796962076627 3.419615144634396 3.454483304832182 17.87972682111881 22.1745655439906
0.189748998127049 -0.1035079746401358 273.86776834460517 0.05924355311114728 1598910082.0 16.150356063630465 15.05059187195107 4.640789808741418 1.934304422222036 17.131460160047947 22.885558252076294
2.031582371777642 0.7997181017203977 300.54353502974027 0.06476297931112325 1600602082.0 16.37831909283267 14.636082803826964 5.487272915806415 0.420967067977853 9.653792776406345 17.538182576384493
2.506115158861583 -0.41192650519366214 196.13919677695986 0.04292534425049257 1599946882.0 13.915791237832154 13.583642159403158 11.192082094383945 3.164131321048131 9.539252037414661 16.897466992566443
2.676536563933152 -0.8313908384116346 296.97215404830797 0.06402633080436157 1598413282.0 16.275688323066078 14.74697427989033 5.678577361928131 0.382945388874866 9.592876159822277 17.5966806699529
2.881124960538278 0.86915090212406 317.29342491689255 0.06820840455763758 1598204482.0 16.05674287348214 15.37472150325198 4.555835726798323 0.425647014528127 8.873647341333646 17.756825555878315
4.309734458691667 1.1662671529552993 171.42499802303854 0.03765985031287016 1600598482.0 12.303932634351407 15.091207717487189 10.314925659057497 5.481366618141547 21.49295763780101 26.827917518792436
6.07453980983744 -0.14289549823844377 293.8946242328305 0.06339098956732377 1598812882.0 17.096654400088124 14.178525619970005 4.069106321594539 2.43590883713608 16.350421640632444 21.77844182776732
4.936097884243162 0.8419463455443947 328.89446307860663 0.07058576429302026 1600562482.0 15.89354161119844 15.792026298787775 3.59235603211836 0.988078831256609 8.268648878076128 17.85314954475237
1.635216598996095 -0.0382717075294669 158.19040310125058 0.03482420638914445 1598049682.0 19.891792634626253 5.980840797620481 6.939725530815398 6.064925450738673 15.047218766705642 17.290823288166408
0.897231742438934 1.0171278965424704 232.21617206728337 0.05054399079206313 1597992082.0 14.268340379151425 14.986900931013128 9.226050464573984 2.125086915035159 11.962099917055314 19.292875066668277
1.511561804962395 0.44381201994928343 288.7607057927905 0.06232993861475217 1598442082.0 17.751305138856743 13.293057095365832 4.764706939757629 1.824075034778533 12.075844275950827 18.051554826390234
2.401029668189111 -0.15155995074133058 268.4525815211943 0.05811820607188992 1597650082.0 15.7288911864656 15.73300791363398 4.491383996677375 1.764914834957537 16.2068258235434 22.65620589727671
5.179812027380583 -0.3937601234668346 193.7611145535241 0.04242034650797215 1598690482.0 13.876066606957131 13.745582060928847 11.29245810943234 3.081308584021423 10.536827021652279 17.59148124712398
3.842075602787912 1.4415553765551703 243.49842441134797 0.05291048792158136 1597606882.0 13.767257262521506 16.426307840320327 7.222938869991569 2.646226814292354 9.613775328329133 19.21589919002592
5.681812434331847 -0.6167961612828482 158.96097031031937 0.0349896160642116 1598607682.0 12.163177474723517 12.435067271321353 14.408341393384159 3.234592388020418 20.475257652260506 24.172911737839517
2.704298284091301 0.02003504496421443 249.99108635279006 0.05426892696661652 1597297282.0 18.22508089482378 12.827643177087788 3.38809594402559 3.566848014690094 18.51103176963963 22.801954552520122
0.61918674797892 -0.4625179239985716 198.28183500387865 0.04338003697951139 1599640882.0 16.89863765010509 13.640473881238993 5.144763048041252 4.81604549977982 26.11147069914524 29.850724011873364
0.631282002179387 -0.19397716994992908 109.61754985222804 0.02431845600898876 1600231282.0 17.815162669428354 4.412974171988071 9.286290024251095 9.913378002680469 23.74634869137028 26.10820715098618
1.471692473090559 -0.1567749387876222 294.17737959647576 0.06344939580849948 1599439282.0 17.14617880128792 14.334712013977079 4.073321329801572 2.403248206402549 16.242802991407483 21.796518517481452
2.843439006264969 -0.264314885570886 189.48643621066728 0.04151170999886447 1600814482.0 14.270467736996975 13.75548187051348 10.737807950264761 3.71832194296926 6.930417300677654 15.84518486869509
3.529580787896186 -0.6157703597469226 184.7961996775553 0.04051342322905645 1597952482.0 16.226148556767566 14.339972708309848 3.859349260648932 6.21980774078087 24.2140111994164 28.820811299698207
5.5121778663776 -0.00407652141899321 208.59246388664008 0.04556415192780313 1598992882.0 13.677189492688715 16.281494495368698 8.106558705525108 2.212359844709514 15.344350123354745 22.481785511682588
3.449981734822017 0.8528186496291242 187.76736412665994 0.04114597062705461 1600058482.0 13.778802064450367 16.07813448047074 5.877224259773226 6.325103362970987 19.261336518593765 25.87493817203981
2.733501113539444 1.175940494407952 209.52042831501194 0.04576040043900224 1600566082.0 13.243767322303864 16.533330356119926 7.01525018102787 5.024344072864121 13.956373801953976 22.21205563938171
3.887618286100506 1.0165943849005707 233.1132322831031 0.05073242344637063 1599709282.0 12.155625833709244 18.171143983885766 5.058806439348808 4.536549962520686 7.655822201327408 20.233199767310456
2.660876926096763 -0.4180171125234405 260.01205497863015 0.05636076971092949 1600652482.0 18.225099852808093 12.499045939500972 5.558990761883834 2.23111523630717 11.582615806776774 17.186070333931283
1.673994290001999 -0.41698024195997385 140.73299344695414 0.03106640653992592 1599378082.0 3.467185168537252 19.33844289842289 9.239155314894894 7.418872872885734 18.855135083255476 28.009483526966612
3.109015180293048 -0.48416096415503773 243.91613015886458 0.0529979477427165 1597984882.0 17.887662898387553 12.423923284650803 6.827793050867125 2.340802922747393 9.656978612858845 15.908817179012532
5.075907240786753 -0.4224318935321601 307.5438703647803 0.06620481108256525 1600432882.0 17.517503788288938 14.235643100746142 4.114119674174285 1.824465243469353 12.751119779864466 19.198261993131037
4.841984777828327 0.5459900379955801 147.99302640584082 0.03263159632210433 1598517682.0 5.138674997012826 19.5374700000721 8.205008616281214 7.488275809288059 18.538065908002014 27.95437168331838
3.662204253348316 -0.4469983267562908 177.7801436526056 0.03901752435609338 1599270082.0 13.615239638657057 13.571556149186984 12.47705554501859 2.650935546913283 16.430265568634738 21.474827641689878
5.022318593722803 -0.17182355015177328 197.12641408457173 0.04313487476956099 1599543682.0 14.863861807402882 14.937464590928501 9.386022673293224 0.845636172769055 19.3974894651689 24.497051791864195
5.734811783994383 0.5186683579079959 188.93601865326892 0.04139462121223571 1600162882.0 8.984934965966183 19.69868229632866 6.189997864152629 5.098053586947879 13.92704117810664 24.657467642962896
2.177541742244336 -0.5327889153579232 266.1659599525687 0.05764249510337594 1599352882.0 17.86746749557147 13.224780772422324 5.988524763103872 1.756837513104737 10.684802606888235 17.092288064336177
0.914337714744154 0.3935835759119618 231.58777331872335 0.05041195724323815 1598024482.0 12.697028089396156 18.51320639932299 4.459045085976601 3.146962576395982 12.935356241745378 22.802754784061325
0.646764871555497 -0.2892170868910383 152.42497967571438 0.03358537015083433 1599201682.0 19.058005775314605 10.458357170785021 2.475073223721687 7.424287185397996 24.145299690732873 27.340314044982737
2.362399589592542 -1.1620398736524775 193.44374086116588 0.0423529229935829 1598971282.0 13.424907783241432 16.15198024646946 8.063510318519409 5.316074207969837 17.385930490788223 24.319080778218186
0.370701691981317 0.1399179337561145 161.7851012405974 0.03559552848650739 1599154882.0 20.089783885718393 8.778197415160507 3.420776557545279 6.539151952412391 21.260887868059303 23.913230878625765
3.297989028065335 -0.6322436680759743 323.44396171123435 0.06946972195830582 1599979282.0 16.85418679403565 15.348069475510155 3.760213762799065 1.295672535452528 10.515765615867098 18.650022263580954
0.642875514262331 -0.42865214451906986 180.90854822438556 0.03968492057200669 1597419682.0 13.7558841577125 13.773511606239792 12.220042371554452 2.702998006311407 15.35346615665144 20.80251771331506
0.397577780217743 0.10655018910333636 248.72822854699245 0.05400491174732441 1600026082.0 17.767499601728236 13.797780406586178 4.280991418073754 3.368290962413224 20.63606056264693 25.051369697105983
1.57027908239375 0.4077368977070487 114.00749231881605 0.02527445803224088 1599684082.0 13.458812290291371 13.55235023142766 8.13861518157129 10.247986407228288 27.102010546979745 31.987597563534127
3.299284313273685 0.20767439347187525 148.59631701731604 0.03276149533202734 1599194482.0 19.84057272092732 8.702378209517832 3.512558838348487 7.388067153446974 23.077838924179062 25.74687499825342
4.340311047575354 -0.21880424980107152 110.22945409713815 0.02445178986649692 1600627282.0 18.329898477338958 5.297678256568264 8.52500524148271 9.994102761713156 25.030569946429683 27.467743204801295
5.492954179433176 -0.05145286477412312 187.65520528632362 0.04112210225039881 1598694082.0 13.263253618038952 15.952191797985185 9.751668834177638 3.39053705595303 12.821344347861684 20.745000254855174
4.016959728578417 -0.23696615425096976 117.30924879915736 0.02599262181355779 1600623682.0 18.939281625243538 6.395587499019857 6.984084005228249 9.499178466068237 25.295444604801283 27.76684081314264
1.477960681699821 -0.07222789951089043 247.53194487046318 0.05375469291464939 1598499682.0 16.019917314907172 15.817264207052794 5.422048569062206 1.586365162983175 17.894548330743007 23.935690117214868
4.561942426340401 -0.8351333028703298 162.54221906740716 0.03575786899906572 1598488882.0 14.791363353996877 14.40252574777578 8.669254890417655 6.156940630753376 28.31420977974488 32.35792238845638
2.092469689121257 -0.17653125374299813 179.10728153510672 0.03930072387327771 1600296082.0 19.637647589163592 8.729656996117763 7.413449453902852 4.797763488807801 11.417455492655748 15.152020845127554
2.474244504896962 -1.289797751816808 213.93328792941176 0.04669293975154253 1597761682.0 13.428174110685982 16.937506610260222 7.211093412115833 4.588874183521367 12.156977521140282 21.347810166251424
5.046109819993154 -0.555583406053673 160.56222316252547 0.03533322554027087 1598240482.0 16.296238438841574 12.892458507652607 9.189237883309026 4.938857503046635 32.37157622996743 35.19270872523933
1.776928552028184 -0.8627084534285845 168.3365965648861 0.03699913649498707 1597243282.0 14.780167785977138 14.79961314291387 8.133066810998319 6.149294204803263 26.55881570358843 31.019559313025567
4.801993437975187 -0.7359873097360311 181.20464233805777 0.03974805057819631 1599090082.0 15.642205765738861 15.142035543876975 5.230222479130028 6.340713163032666 23.903772506369375 28.99786585016473
1.994934577704949 0.19235403232053455 220.6179152298834 0.04810330835649041 1597545682.0 18.51477632060398 13.098396165448307 2.746180664632425 4.468089846216944 21.584850276060557 25.640545439222805
1.945868869970979 0.21867926412234534 187.847613716434 0.04116304843767976 1597783282.0 11.475181259612386 18.30896895664975 7.789656690763324 4.01325444424246 14.853716730544527 23.915632046865383
4.338415575611371 -0.875336152577943 295.75026148382904 0.06377413464567866 1600677682.0 16.56697573714705 15.517589635470939 5.441903519685563 0.06128595204717 9.543507329610275 18.217515643279093
3.288892324421841 -1.1524731422550982 162.64895570037805 0.03578075506727871 1599522082.0 11.137561634044886 15.121106312571216 13.198211671140204 4.282637211593296 20.773430044058284 26.04849771863222
2.671129509181143 0.3256754260686749 199.02591833010703 0.04353788946812545 1598251282.0 17.219035933725134 13.659998168259106 7.041631637713579 3.57368160438204 26.87247983462046 30.35616778561523
1.039365124739134 -0.9571013002853712 215.6355351641062 0.04705234631502675 1600317682.0 11.943135331266754 18.62416160174344 5.514098622697859 5.085132749104077 9.746230945406118 21.62653435215771
0.763737877441176 -0.7109468083460833 178.10923405112413 0.03908776677337387 1598802082.0 13.129884089493583 13.797616750132216 13.103795529131766 3.385520521460664 15.133020840068417 20.756789176814063
0.673997868743534 0.395211612181126 168.21363796090978 0.03697281708330636 1599183682.0 14.160615829595823 13.511696431784832 12.6345789989813 1.910735745403748 21.061343006622277 25.09575702775407
2.16201439079024 0.4401205309458931 286.7943538202097 0.06192315115634166 1600706482.0 15.383371907162239 17.330656475727405 2.212984314160784 2.211741555522067 11.841624837009876 21.106101804184128
2.802773941400248 -1.1784505823567804 151.53157070700206 0.03339320557374999 1598730082.0 11.35356375594734 15.05456176726033 12.645712092606814 5.650046214266947 24.217601127228647 29.069830694126082
4.717016694489392 0.4523446382642815 171.037728717461 0.03757704179280155 1598193682.0 16.817919005933305 13.05078083879805 8.764951999832645 4.172919054546306 30.884625142272288 33.787515506719515
3.687342905070303 0.5172061930089435 170.20159308947962 0.03739819514118492 1600666882.0 17.1892102384298 14.064600111427806 2.716068164458122 6.907808559882509 24.720373497020336 29.26820222061045
5.783943774147615 0.8789982489146994 316.95782250183686 0.06813952106235015 1598334082.0 16.258344188799118 16.426121701949434 3.694642402735203 1.033345220629244 8.142232307706436 18.362495022869574
4.283109054641336 -1.084284443523372 248.76571032322025 0.05401274775176197 1597999282.0 15.251003356960014 15.88300874521808 7.900283780638 1.551295579863562 10.887865062621279 19.31895676268849
3.038833445987448 1.2216088275057497 182.3067265911015 0.03998299565010449 1598510482.0 13.165704292446543 16.15494616038026 9.371991000704497 5.272293017394658 18.64600561418666 25.228017846638956
3.646768712184097 -0.07472330760010672 141.79587215548995 0.03129576957734165 1597729282.0 18.21842356974541 8.291611881727077 10.390348846489589 6.547942159345999 9.589924250063214 14.268602638005197
4.748883528679523 -0.5807427822139798 181.7648632815651 0.0398674948697175 1597714882.0 16.88765267097883 14.301362997340865 5.608837317476763 5.572943720531867 27.481916892772627 31.47764987090344
2.4411718235729 1.0689306908688536 188.72874313489376 0.04135052807127722 1599903682.0 12.946369966187863 15.372023373136233 11.777407465986544 3.223992076204067 16.2837699548322 22.624199244030034
6.186105283260826 0.32063206140819667 285.6425147227612 0.0616847658601273 1597916482.0 16.174218063140568 16.662770811556747 3.214702255652691 2.053376929401142 13.925733030909033 21.81261855855035
3.601239704008271 0.37480356772194845 256.409570555594 0.0556094344288031 1599158482.0 18.85262105153073 12.913302254038534 5.269575492878822 2.383160239119926 12.75588986497878 18.3069810202815
1.892418812223263 0.9990812697454804 147.81151442666956 0.03259250185975191 1597722082.0 13.132580150616564 14.599270283197688 11.401140013936677 6.39188108786349 28.567163409560223 32.7120415430123
2.177240478956655 0.7600419280272285 117.31911517123812 0.02599476648030809 1600400482.0 13.254699345985882 10.603906009126145 15.003323574262541 6.574614081265644 40.81153386574536 42.67610185388116
1.792819117535432 0.6793884734013347 292.4343904247218 0.063089362157432 1597686082.0 15.010779406392905 18.060281699778432 0.287210549870209 2.426016268780747 8.119714865804468 19.949664145386173
4.660247641033319 -0.22765744962187087 186.3068296747682 0.04083509729383709 1598845282.0 16.367533913026197 14.155264244490974 9.394758561439303 1.07542345134272 25.130847575402562 28.863255902430332
2.730876691276221 -0.33083964028739143 173.69439311219054 0.03814496582433557 1597617682.0 14.64159976958493 14.159204932355602 11.874667209610346 1.575846059546969 20.60501255867371 25.050607131623263
4.890899395386088 -0.7130673534184161 286.234433748565 0.06180730098640953 1600443682.0 14.711604155825036 18.328751548246835 0.310323458698746 2.578952906478723 7.521004638421829 19.978980008557958
1.597437592829289 0.5215229580420001 186.861417638944 0.04095316337487792 1597542082.0 17.348911453522557 14.30918200710364 4.919768370600161 5.437632060886199 26.885186480010432 30.93757883556714
2.528814760348829 0.5205598187514242 201.5581055265737 0.04407476749488527 1598874082.0 15.786956892244207 13.635316421353274 10.64734648636869 3.331100735869245 6.325579703586666 15.395812567362674
1.199428854708493 0.531837048271063 252.1146343436148 0.05471271142058892 1598089282.0 18.333894852248722 13.417269508660022 6.485434512581337 1.935732173307811 10.619975449874774 17.220745009166702
6.076185252498544 0.23219692250817725 204.2720950058672 0.04464975893527046 1597380082.0 19.91695943715933 10.626486677696764 6.211173982225759 3.86370202470864 12.886697725538681 17.144019094611632
4.864362735513392 0.6538287733026995 200.68701649754635 0.0438901205660785 1599633682.0 10.296660197840456 20.130109111257518 5.266512212760619 4.957397446064761 11.932555171141068 23.920346050626186
0.170482988876288 -0.27948679929514614 204.22070674737608 0.0446388749270431 1598863282.0 17.57671252459818 14.043292831165084 6.806322218301751 3.417069671180106 26.159147834411506 29.8863088069127
4.388459791269401 0.9725106016152726 306.7509028367368 0.06604162236322234 1597887682.0 15.820508928270225 17.37635617457557 3.083482769468831 1.578254487403302 6.115420961749524 18.48856442972587
1.122051031456466 0.22769591088756186 273.9473000624831 0.05926007074597876 1597329682.0 16.58794229593315 16.435087425347835 3.958758521413478 2.016653964751891 15.662886530507556 22.792652464334445
5.077511874943338 -0.3399298932507065 205.77622866121752 0.04496823586718995 1599763282.0 12.217278963840721 19.1772666423325 5.910920475875129 3.655639041849648 14.300167729325837 24.199711770231197
3.777625413289074 0.7330950159108477 128.0217090876046 0.02831759412718629 1597491682.0 14.606585579625357 12.04244664875911 12.968704482773983 6.314939824818641 38.15019962679854 40.501070576515254
3.124204860989194 0.07536103706145585 216.88981003063594 0.04731705887436603 1598780482.0 16.672300532499374 15.3571087021531 7.133577287315308 1.379050454791856 21.559670607977793 26.505885470421653
2.047406355551578 0.00501881500898989 189.59628242622912 0.0415350772768937 1597498882.0 20.4757149253928 10.35969670225974 3.96945541409945 5.019734084645675 18.42921765907406 21.729176458598058
0.634452677113777 -0.1593798691574396 267.200983087665 0.05785785837662749 1597700482.0 18.71371784700867 13.883151988928077 4.071327061937821 2.864444656396004 16.616526779456706 21.841609706009194
4.954235441740165 -0.21497309892829664 184.014142244944 0.04034683204470964 1598773282.0 14.34825700293707 15.198276484119484 10.973689635733733 3.299506992727694 11.407452914270028 19.28741393951211
4.486005614061263 -0.9440200213320515 110.70893394134818 0.02455624773520307 1600224082.0 4.999315563728883 11.165432546510303 19.534514613996606 6.160576076474169 35.13121546513502 37.374080344570885
0.724333033572985 -0.2505794252939934 218.71187096309419 0.04770142894871436 1597747282.0 18.17453515298246 14.17156733071879 4.745451301263556 4.003462093197657 23.95427205758617 28.118822506456777
0.748749788062568 -1.1538805322703445 286.61265087546525 0.06188555593857426 1600634482.0 15.6818744484886 17.361776465950665 4.725349331015149 1.466291387136523 6.652144914696206 18.65026338826741
5.43676275626839 -0.3212262838213804 123.96080833449912 0.02743714971594404 1600213282.0 18.826038665316165 10.23342727748349 5.234473804576411 9.280507862295082 26.867749521584617 30.211369124557635
3.08347330111791 -0.36972499477588566 259.66429123494675 0.05628828225721322 1598179282.0 15.227047504085204 18.04495435232159 3.129597797166854 2.341967433849872 13.220771822432312 22.492087422456002
3.430113722864473 -0.45476119874695486 182.98247068384043 0.04012701702947162 1600278082.0 18.179260121950932 14.151712343627487 2.428602518240415 6.073922666714105 25.26912437434549 29.592095996467425
1.152839521911778 0.6915503720826858 149.07210806158793 0.03286393712383942 1597970482.0 15.988673441539156 13.705068532189975 9.73658245939087 5.977876199378121 33.4105808893609 36.60369957656798
1.876520002947213 -1.408466649695934 246.8921263194879 0.05362085592101742 1597905682.0 14.479766624152395 17.90501887147016 5.870901896321118 3.084402260120025 6.1693293040420984 19.18759657048398
4.582937293359611 -0.8442588155789459 109.81960707377075 0.02436248425198555 1599529282.0 11.507558041569933 10.657300604765148 16.659398543108548 7.18440808800528 41.74203958907396 43.67598476063409
3.426268828344483 -0.19393290874668861 213.97291940532472 0.04670130906610455 1598704882.0 14.053795429639457 18.25986995382728 6.292946559733322 2.623544378103533 15.422657709554041 24.045045366158693
1.087894768381061 0.26206356131254466 215.39837132951718 0.04700228393540425 1598888482.0 13.656106744864129 18.68065433396925 5.782653882606129 2.91991877263112 14.829859763540904 24.029513365657184
0.048052898571937 0.3968150912685594 296.449875219015 0.06391856656206045 1599208882.0 16.841915243371197 16.755126692262404 3.000072593120819 2.091230314116993 13.148274940754536 21.40057589454358
3.806327155644209 -1.2166206301641884 213.54659879511277 0.04661127933067472 1599108082.0 14.367351159312264 16.564122945367636 9.568812451321707 2.605360285691467 13.322241459943315 21.415886362337318
3.969239020558507 -0.8396293118323988 129.66183449751375 0.0286728746073316 1598841682.0 9.522778720077108 12.532820136489129 17.592322195720573 4.703817479356829 27.402640354750595 30.497576590025904
4.842556297534601 0.9283040550829046 221.27978949834167 0.0482428053738225 1598600482.0 12.33687078412797 19.546969055980345 4.875141219357899 4.686777296622608 7.91155028226501 21.60190983622508
4.857593722734888 -0.6019605510838782 218.9614670178497 0.04775406994723656 1597347682.0 12.049252320585436 20.059032302163285 4.109155493993875 4.071623548223627 11.192867599102335 23.328591477170544
3.263902480479263 0.2851166170611138 181.22968391331563 0.03975338967386903 1598794882.0 14.958951894680302 14.627985617817563 11.394710141456088 3.73215509423725 8.204977877460571 17.18221775127227
2.709672966882919 0.3525097103604654 199.34967630555204 0.04360654762271935 1597473682.0 18.05398484103774 14.298440152984456 5.689558734169277 4.338655924230762 26.567789420889206 30.48141664604933
4.406300254063799 -0.6006872171709445 213.12923156944925 0.0465231194979429 1600530082.0 11.705692409124289 20.195050901494696 4.436187207898225 4.26418690344097 11.536547142865045 23.645618850877785
3.160426118320542 0.6452304315369111 296.09757763826974 0.0638458364080274 1600792882.0 17.92239835097007 15.42893373498587 4.761573525292574 1.070663393851682 11.141894127028518 19.06148265585423
1.188471518993126 -0.4241699211675861 141.51589558017716 0.03123535764281795 1598712082.0 15.72039315022893 11.937197553656944 13.759163941582162 2.071799343618626 32.355676496260784 34.549657588548314
2.058963075950821 1.1893216118638672 234.99483369224714 0.05112752664426291 1599820882.0 15.247838392697933 16.71747483980522 8.237176492851596 1.935798761162092 11.383387967535016 20.317549150492002
0.855820755672937 0.18152042796180834 194.1558299972164 0.04250418270187776 1599093682.0 17.030776743101057 14.78668145135711 8.536051800093217 1.47014683602076 24.799396990562844 28.910506241830284
3.759192009762369 0.3609375626831109 292.26562289511315 0.06305449468801508 1598132482.0 18.345080744393826 15.024107958515529 4.165448591309627 2.109286879673453 14.160525887234652 20.75315408541398
5.108272087700565 0.9885277348942323 166.26289398454514 0.03655516321253583 1598128882.0 12.390860141176033 15.157167298835379 13.6898630584391 3.777324717696051 19.053032406002448 24.637896550070614
1.828479377000752 -0.45000906705717414 152.30004446652248 0.03355850315262866 1600180882.0 17.04312066654854 12.672304337615316 10.904349513568626 3.87665614139729 33.96724970071699 36.46079829480748
0.718633958116881 -0.5709588994051282 310.1862812170711 0.0667483490020023 1600720882.0 17.570604683448433 16.19842398953434 3.594089944332882 1.629756452157596 11.47599291472682 19.91842009841471
3.530655619194176 -0.4831260347631365 170.10516310670252 0.03737756858434663 1600191682.0 18.190452213969902 14.317165305088546 2.27313066206567 6.781723583118048 25.57315945367349 30.082544466418735
6.003991089694824 -0.36316823804022724 282.20166871141834 0.06097222191424188 1599583282.0 18.717223611217687 14.598111265367766 4.416681983901028 2.151514375840226 14.106373755559984 20.413810206746213
3.011915795215127 -0.9074374983362541 159.58830131538085 0.03512426033585745 1598294482.0 15.024606412538835 15.486308655240977 9.011003148977318 6.418207809821634 27.371497141128426 32.09700925323493
3.791504540665228 -1.110018943617687 195.5898169790031 0.04280870394709668 1598985682.0 14.035792262477718 17.602187899441212 7.12749441038764 5.572739346621193 15.269955433314196 23.959632334575094
5.956267302435496 0.345707094608413 115.2010815663489 0.02553415782382544 1599918082.0 17.997663792625605 11.058795825944461 6.488990813342634 10.04848368880742 28.041177366524273 31.7738354257875
1.38427412660951 0.6079248991517211 121.91839217195003 0.02699391054527516 1598064082.0 15.515735270746903 10.583017652180233 14.424011152312788 5.349822537400282 40.89426195066546 42.57888589779774
3.453394698295944 0.742818102420704 132.63441174993238 0.0293163383307644 1600256482.0 10.930167165452637 12.43133476543971 17.266267827430223 4.252956053153708 26.36588428203564 29.45820044086503
3.572500299689116 0.46383157509229794 257.1807257250011 0.05577033493890019 1598229682.0 15.026264627007787 18.758223983081315 2.488817781693639 2.631123158062453 11.966505024789157 22.405156071329735
3.347016077847343 0.8798936347240551 232.31556751335106 0.05056486937679838 1597974082.0 12.826195467828091 19.84323501632611 3.900915073739559 4.163035165324596 6.753082615026669 21.370282228044047
2.702498433419017 0.30915015418994746 106.70708307912271 0.02368391195743539 1597369282.0 5.178759452699074 17.831268502024518 12.151585444292527 9.957988628527417 23.56528514024826 31.1839435873396
0.3804367794403 0.11698584457266309 109.85909537123696 0.02437108874700483 1599147682.0 14.243470983259238 11.986426848341468 12.732743176009965 9.112057351625507 17.765835734251787 23.287956911381713
0.213567071008312 0.24986593503847013 283.33151447061084 0.06120624864484898 1600760482.0 17.622022878916045 16.163500473172892 3.990272208600443 2.22978813598742 15.80167741911251 22.71395412373946
4.110370536546059 -0.4413380454033311 175.13511875673203 0.03845276837903774 1598571682.0 17.754294293911766 14.071885847019393 7.738585640722928 4.526408297903667 30.28340029926791 33.69852633360361
4.728556373409071 -0.08436246200310737 253.94337327950248 0.0550946671969793 1597765282.0 17.548476943502234 15.984307631650186 5.060881732756067 2.183595974828048 18.832777460478503 24.797977512700964
5.69401994171196 0.6850717972449771 305.2325335948883 0.06572905542579804 1597383682.0 17.675317752291352 16.26111804437466 4.084160265541386 1.183429309092677 10.616378512116631 19.45589776122496
6.1367865950536 1.0570237996660807 255.89822213246492 0.0555027422540206 1600483282.0 16.359209811282675 16.61861471404838 7.15628933817491 1.081725582435051 10.357235038013881 19.61175165257663
4.516849438074613 0.7093776022045717 128.92374483821578 0.02851301504025947 1597513282.0 11.105846015372482 12.031797149603305 17.63357191217065 4.19064990639061 27.775206936300425 30.557941842366365
0.915968428683142 0.183616197397746 142.35678410080172 0.0314167788978575 1599064882.0 10.087225077314232 18.436088705851688 10.757900075461409 6.291556648217332 16.339193881561986 25.425229763505236
6.210980260189997 -0.05259511292634141 220.28038680691608 0.04803215314123619 1600807282.0 16.194935354655 17.039192494659286 6.510443568611192 1.434337363051241 18.52063638608614 25.207248494961046
3.34971863349152 -0.9466352386669047 112.46804394764183 0.02493936045756854 1598650882.0 10.635785058510018 12.428990280401075 16.63401088906945 7.321580931297313 38.53332069540585 41.144892156121074
2.048208246855674 0.01820028884028339 195.72672771111675 0.04283777183308608 1599806482.0 14.90357234407547 17.220797542432923 8.693951149379401 2.088874891783043 16.940312665025647 24.246514378355783
1.729684168412009 0.07557387341506004 239.57313761927065 0.05208798497215985 1597891282.0 18.63598979884926 14.819492467918371 4.830424511284793 3.285244488743934 21.504750085997276 26.32231875459895
4.056975343395867 0.28736344483722726 104.65804775400656 0.02323682812370922 1598938882.0 6.382761557613767 17.435158230220164 12.490998865983988 10.089041601658943 23.55029371087567 30.990157095783317
5.228628197423679 -0.8595154219104589 174.2843683067916 0.03827102877577031 1600587682.0 13.695577513527367 15.102094868179778 13.284334171618461 3.49236481767529 16.35741665904985 22.535193835088254
3.459303434788393 0.5784183790074956 261.6200255983289 0.05669589119099232 1600209682.0 15.127124772531019 19.19551382065979 1.500747429907938 2.777462422417613 10.205874572794855 21.916704226290584
5.509048791615387 0.3790952808410144 287.25098233298536 0.06201762980334841 1600310482.0 18.697747235868977 15.356619780038834 4.258630724052289 2.095111547031191 14.21078437428669 21.027640285958245
2.519747307959662 0.7998492414445119 296.5066553032318 0.06393028500316529 1599406882.0 17.638863376832113 16.63176072358447 4.550388832267523 0.757068815160921 9.931935735229798 19.386386084213605
2.711931165327628 0.645844141369486 123.72825492080496 0.02738669539805082 1597736482.0 15.837909741240626 11.756227260832194 13.629758525772328 5.88732529474748 40.41121709173621 42.496305079029405
0.744539661061481 -0.67252453498691 151.4294554969955 0.03337123900392917 1599453682.0 9.124264376068757 20.26452691936512 7.675514612718415 7.629078723256348 18.48153788658634 28.467896586938817
2.50201581178986 1.1752807044271425 152.40401373792164 0.03358086147936612 1599972082.0 12.981840871262177 16.276707937934003 11.915861541224615 5.976364978456086 24.09995022822266 29.689320649946332
1.116096611416917 -0.4100561574052994 189.22975301395965 0.04145710650076288 1599475282.0 18.52236011767107 14.729540279272522 5.175298236558606 4.990688406874138 27.393180474851885 31.500042287924412
1.094799350259927 0.12066841380347532 107.6657083245272 0.02389297427300651 1599936082.0 20.330851276659036 1.576241689326381 10.06265266092055 9.744207601239529 22.11129377791323 24.21452936095205
1.891441100266747 0.6222729481660706 257.62159660362715 0.05586231846760593 1600447282.0 14.891060345160392 19.486146907623805 1.465916102284919 2.937411554365009 9.548788507645218 21.897891905591077
4.796906088248587 -0.16964207289280003 271.4512819599829 0.0587415724169676 1600260082.0 18.64625739411842 15.522570731239204 4.37777467871961 2.59889416071125 17.399748479006327 23.46179234622935
5.202828100996131 -0.35485752045360774 290.2491589151824 0.06263773708350082 1598283682.0 18.429177101030326 15.965760884964393 4.011942423669701 2.166571335231823 14.584148540755201 21.732393808444556
5.952835999829929 -0.5474197208745898 184.808262970796 0.04051599235220641 1599478882.0 15.582438959052721 14.663626501569876 12.115083751179066 3.483824517308892 9.420519621840702 17.773721202675333
1.346860646950371 0.6366135726837666 227.03658449965008 0.04945502565315742 1597657282.0 18.207550290469854 14.49102387629948 8.404718240575937 2.189098337798525 9.59739089424792 17.518328587311824
3.053986337551587 0.441098758463627 259.8939019006963 0.05633614202640593 1599496882.0 19.483243917064932 14.43699803924896 5.304621463200517 2.034741839167455 13.172570449342992 19.64901267189375
0.320600140651007 0.0975600031094635 193.08253752876774 0.042276174541609 1600663282.0 21.239856962439205 11.247774703819609 4.84906626415307 4.557952071413371 17.275167084901234 21.112052498145243
1.443691904260035 -0.5767021829264479 143.89003105471724 0.03174745926226476 1599720082.0 6.586661372180272 21.242754268181578 8.370180429263394 7.660649447293205 18.826239642961255 29.400126835557465
0.91634707058167 0.20173438914003655 184.75427877944784 0.0405044953229162 1597509682.0 13.122868873759968 19.389847748740642 7.83680063522265 3.72911531734528 15.814980324196382 25.29794654560169
2.09178263555511 -0.4790376875602127 155.3180391461697 0.03420728793771383 1600785682.0 17.83204031009687 13.801246821720115 9.710822992483164 4.644633225997807 33.810463722791894 36.81296631335635
1.098530525333161 1.0595145181129955 192.05124841134287 0.04205702724733933 1597696882.0 14.119816646825122 18.556440288970805 6.863096001293411 5.815146260544844 14.510192478683505 24.263204404985565
3.163852247930084 -0.6994142536245254 142.42710324493856 0.0314319474937583 1599262882.0 12.640007220529037 13.691691086471772 16.22117342146416 3.923235748744048 22.68567506062964 26.78607915511465
3.666872335309252 0.06184585794321171 175.0618659237577 0.03843712168440761 1598625682.0 14.43675982365449 17.189083421665558 10.492187590464615 3.499294963053527 14.059749643366063 22.480796563946786
6.038333468474232 -0.107881515877748 231.34157146163608 0.0503602173851513 1600544482.0 17.092881801702145 17.354491863840725 5.566008237724082 1.750404584350339 18.51215369998154 25.435057276773897
1.861747449748411 0.7950193338097757 167.68859018944553 0.03686043008473679 1600386082.0 16.4857931157414 16.4039460920227 6.455081340442369 6.708039853831568 25.723530290023838 31.23759364375485
2.678637745841707 0.5258084876805158 296.27019661487935 0.06388147277184031 1598726482.0 17.618859133768655 17.459343233452167 2.869871685506906 2.0235586385038 11.899801262068724 21.225661963380265
3.296006423713415 0.5646383315712853 132.03188610657776 0.02918595453494433 1598960482.0 13.511680956583591 12.477410634110155 16.70641075092453 3.213791642733554 28.197064154319456 31.001429963437435
5.566091008985216 -0.18893366670288145 173.08046468863253 0.03801376387651104 1599568882.0 21.2300906095625 9.897434463987326 7.468682255136076 4.861916009113377 12.91095834573263 16.979113099742285
