1.702665616136213 0.9849884889312752 153.43756676767495 0.03380310515269087 1598852482.0 6.911711477685919 11.093483761822128 14.47947948850733 4.41749485425651 23.903728897476434 16.64155469288439
5.91667325623711 -0.4593319536656182 159.06754703024737 0.03501249066265059 1597376482.0 13.859658854527465 11.550872515890442 4.310290397231212 7.531042222709679 22.27446136993227 16.3519217168069
4.158544599418461 0.18763874786676465 197.3434212051807 0.04318092983643586 1599241282.0 13.485654308933968 10.724384801477784 9.301690735235276 4.189025795218972 2.997101029745665 16.909531625300595
2.716092710998113 -0.16753418757908914 128.9195260051997 0.02851210109394343 1597671682.0 10.224543085587666 10.983514142775476 10.622158556851003 7.946144364893098 16.575737023441608 16.748514679924423
4.361522412585841 0.9954700439884303 210.93073457105825 0.04605856046530186 1597344082.0 10.66336641447704 12.707159486834808 10.831080675571359 2.948311308501685 14.766725179740783 15.482642909463847
1.034803904286021 0.24541282701014625 180.67941202136794 0.03963606640063096 1597268482.0 16.867964350153695 8.65043044087413 2.14803913866734 6.175245856966353 20.28970946548462 18.09076988005991
4.600381006068496 -0.15235451484499074 150.76469859246924 0.03322821897936309 1599849682.0 8.761462942255472 13.600273314560248 10.00708193910731 6.371422509824794 13.899642444395434 14.747879394110385
4.509535642797205 0.6544734571594494 221.4300768762787 0.04827447389146348 1599673282.0 11.941235521933569 11.950830332107344 10.493396885413146 2.795619310664053 10.543029444032669 16.14063106929974
4.068048593918617 -0.4754784813628209 232.68197359555037 0.05064183508033272 1599712882.0 13.17189771313504 11.616421396917774 9.303097945885126 2.949958266211766 5.1712919398361565 16.393558934179463
4.329297040328493 -1.3215874708753856 212.69309476913952 0.0464309774464217 1598067682.0 10.705745664311346 13.801595693865277 9.25656218957742 3.631472515940625 14.886133918213686 14.611109692027762
4.463052342155624 -0.2616848427609857 210.0183431960678 0.04586568335754344 1600580482.0 13.420126641952542 11.154681121551635 9.264261260080826 3.716885708487414 2.345190203424852 16.7254768288093
6.010143864246416 0.34090233989695007 194.27036517637418 0.04252850957745949 1597444882.0 12.951670611003104 11.453739879666804 10.267657967076062 0.830157703602941 21.47373320503681 16.54870791202846
2.912207130222025 -1.4133844554156672 249.97940973110866 0.05426648583205675 1600098082.0 11.627819144121865 14.56545724824778 6.723562986882198 3.559572448145291 10.361424424195127 13.895432101974167
2.586256547345148 -0.02108429125680597 179.6463485202043 0.03941572635064911 1597365682.0 11.575992235779216 12.493188000436469 9.625605419554544 4.761156302240622 8.662254997915044 15.790012199809857
3.578874187339022 1.0779582182684013 218.50115827465427 0.04765698863762194 1598427682.0 11.926580659860637 13.914416981199846 6.782509258925734 4.899105724934149 16.55595878306262 14.568699152211828
0.590769464584832 0.780687292026719 265.6131976604222 0.05752745439256695 1597902082.0 13.470548146082768 12.418210178343772 8.153039351876531 1.997919051111738 8.685622178729774 15.871968956748132
0.928787630016942 0.17583719128096595 215.3379974862811 0.04698953975683001 1598503282.0 12.064532223368657 12.934450031930393 9.208871171033891 3.049315209619022 9.036772929969844 15.48078064120197
1.56477740473824 0.30679581274356227 198.64405082524632 0.04345687873473266 1598244082.0 13.509500529724978 11.541544741810098 9.553960649562212 0.72786708218563 22.554640924495846 16.562444238256383
2.812387780974562 0.6676173134770703 253.55356743748442 0.055013253783993 1599482482.0 13.561361521404534 12.015137997114124 8.58841827337531 2.374363073634244 7.472389384812839 16.226800508976385
5.831764821578468 0.01003404503213561 230.77534973888288 0.05024122465322178 1598308882.0 11.851473954071416 14.32174258709768 7.573880371779447 2.246238250898386 12.968084161141899 14.243127642826845
2.677593713065226 -0.9790982563601119 200.77890715861946 0.04390959886024565 1597794082.0 10.406742293474085 12.64127442497632 11.423756175830645 3.135432690365272 15.784725114917046 15.76811429700528
1.198608667567594 -0.03623183056031171 243.08145514044332 0.05282314709282099 1600267282.0 12.78730914238893 14.00401840542889 6.942826512381187 1.244578266595116 15.10561796324944 14.603667010231625
3.919962160099462 -0.11135558343649402 135.4234875244066 0.02991953823478977 1599759682.0 16.972454950218694 0.414914263191063 7.878810334509939 7.757145890754474 17.847598534295003 20.256188972628408
1.101453367784427 0.7583793456928073 238.23812436780892 0.05180805275381745 1600576882.0 12.606296296984691 12.375841828356812 9.593232030493184 2.53083500546763 9.788915289687957 16.042254609098766
2.928609373650158 0.2942733846111729 233.08752759688926 0.05072702402929027 1600609282.0 16.567616078714394 9.160334566292965 6.43907970364813 3.289950461704815 8.517993872951086 18.07682007439585
3.846445867013301 0.46368404974749533 135.02415049365857 0.02983319903012435 1597560082.0 8.783916505561516 14.11626485996531 7.678143669010454 8.690401698865264 22.449140651091952 14.547651393482097
1.588610161667752 0.9186410983338834 150.82155363095666 0.03324045323165732 1598506882.0 7.178174196292534 10.81168743196197 14.976695771985 4.293259250179788 24.111842777470358 17.153998834912155
3.687202328937799 -0.07117214271341227 175.35746298744237 0.03850026077133766 1600742482.0 12.91126061593437 11.135587376251683 9.784493511468554 4.997080003049248 6.631084329064635 16.95310509981646
2.853174130344024 -0.5384956847088797 160.5510078377538 0.03533081918695712 1600375282.0 11.272477080128697 9.818431528336058 13.545778077901684 2.414311157093222 24.444912653960866 17.78723535631812
5.277219963502768 0.4886455388086872 180.6856301512485 0.03963739237510203 1598643682.0 11.72967143558473 11.07432787072165 12.181056417294469 2.148987225628067 19.756432267449554 17.04645046700326
2.433503590860395 -0.4674036012324573 136.83215287248876 0.03022399177669573 1599133282.0 5.352546545714182 15.657937169300814 8.366154327599533 8.399784216275854 21.05839857159289 13.00763881868059
0.43865620258734 -0.5787972009311735 176.9567953079555 0.03884178378143972 1597574482.0 14.074858968409544 11.0712203606609 8.617081970952956 4.441963520510546 29.28196986923271 17.090546995116554
4.578911552296876 0.4575695275382923 255.63441452114836 0.05544768304340029 1600717282.0 15.704446853984031 10.703452538041045 6.910902803077718 2.522963057560463 7.155516523942384 17.342305819383164
2.877453998702319 0.18034923925233592 121.05289293353431 0.02680599834198865 1600044082.0 11.283482901670256 9.910245252144659 10.750873734156585 8.631063770110122 18.35106287256724 17.815541929556073
2.474937198003466 -0.8424244083619977 139.94301048394462 0.03089588825727216 1600360882.0 10.880937002362158 10.172920955988227 12.602756869033291 5.932779595710439 33.21124526297223 17.675467305862608
5.867529737572246 0.5796220815338414 158.9690880632968 0.03499135838035448 1597588882.0 10.402969781583444 14.604180955317327 6.156596308668145 7.59533634942365 20.505930300446146 14.276364826009479
4.42393139127082 0.31661267481927985 215.0768468045581 0.04693441404767732 1600195282.0 15.25056238153804 10.042115970883223 8.401392611360409 3.640908680226185 3.1994214410746817 17.78817772513955
2.576182157503368 1.1454104491414598 236.35159661631567 0.05141227932405371 1599442882.0 11.802733644907143 14.851663190987804 6.065846545186641 4.559959451109691 12.326626392767709 14.031829745195042
5.791254484603487 -0.49081411041278156 200.01188758399726 0.04374697500694162 1598265682.0 11.918216586512225 11.920257675758057 11.29763002945693 2.52041230026651 14.30989992510391 16.61423513282621
1.626136141167468 -0.6568501808461683 188.25935409528546 0.04125067037115696 1598467282.0 11.049022031086908 11.602991536374482 12.371722025577768 2.996255522732814 15.947799521549223 16.855798434933803
3.448296944257913 0.44491231446252155 164.44748090656458 0.03616625038170398 1597236082.0 12.88393003938395 9.992010820164625 12.249091473255989 1.750774798994557 26.94147680832528 17.863401343997374
0.745835566216114 0.7933604612697697 200.52662147172722 0.04385612122970016 1599586882.0 10.880931618941325 15.294241205122699 5.533552644955043 6.017402655428395 15.922853634582623 13.609702880229339
6.256558471151152 -1.0888258132047233 233.26548682885795 0.05076440538880998 1598708482.0 11.836856416519321 13.582386429771786 9.418294940777384 2.484701729190759 12.815157673599403 15.329357197867465
5.214524595169492 0.2976317329800595 191.32185552125054 0.04190198544416296 1597743682.0 8.055367890716486 16.695861716068006 7.392282812015671 4.636958500546653 13.886311269034568 11.875865491129494
1.53408388764843 -0.32764143102779647 199.70753745855586 0.043682435043044 1597477282.0 8.324583909332134 16.866382972756824 6.855469600694315 4.401991545028646 13.595598292539602 11.647904973516011
5.411709743852511 -0.0152695119343376 188.95844093256443 0.04139939104096096 1597790482.0 11.04078701734169 14.025577457222358 9.213117002302294 4.212790097725001 10.572326524338397 14.984261852620643
1.53884464324759 0.6406389857031088 240.73715696605834 0.05233198391913495 1597912882.0 13.474128895807958 12.175089047288566 9.20438078833213 2.607742730580352 7.520400949992545 16.524923520136465
5.558494889792801 0.9662792274832442 255.74945188958705 0.05547169741399633 1598917282.0 12.938794803130271 13.335364101647391 8.529317899476517 1.984390931471699 10.695485732006555 15.623683373543788
4.121374793306547 0.4362631970577328 172.3873629940264 0.03786561264483419 1599136882.0 14.211020690218923 10.31324361329769 10.306601427248813 2.800430541051334 29.307408489476387 17.776995056905726
0.524668595254705 -0.9776360076179664 199.12603363921042 0.04355912234372292 1599723682.0 12.493340522812128 13.597501724526646 7.29637161209993 5.310743728145694 20.579046014666446 15.411832956103442
4.973437890578403 -0.3648524635627132 157.38952910303857 0.03465225559486942 1599518482.0 16.011014244716446 10.087593707730571 3.357895279641113 7.426838291572131 22.77397899450923 17.96624515202637
3.404625870504208 0.7729462841165985 196.5511843612009 0.04301279470461237 1599190882.0 9.979789060889946 15.959446704816243 5.796509399852912 6.081461188346939 15.222488096437095 13.045301112194073
6.241578014427947 -0.4681806027677033 149.0183998277901 0.03285237639631823 1597804882.0 2.235819057077046 17.2033347535797 8.330652513195453 7.395716116340613 18.40629446976799 11.362010166563788
4.042833191083761 -0.7152277544418123 190.49364443624398 0.04172590051503861 1598481682.0 13.963702625208882 12.578094096607902 6.682533923072289 5.229694348537012 25.598246923482186 16.339857821211215
3.951655886485895 -0.5654268312533776 180.71032006943196 0.03964265649423096 1597966882.0 14.426956339505567 11.462439023662144 8.17104221166981 4.450436280495765 28.7994730941396 17.16710176860505
4.880742993411443 -0.3756014349638231 153.2061335469804 0.03375335188249589 1598388082.0 3.359217176809309 17.14719932091429 8.707884178937691 6.731886153146203 17.078492238809744 11.507818129154007
3.507798207982131 -0.1437374091690481 218.1231167840952 0.04757725788400348 1597459282.0 12.34984504791247 13.761413388012178 8.89348523148072 2.371066154911221 12.328578160842273 15.402425360344367
0.352844565550894 -0.2297246881320872 203.72637638083575 0.04453417599513838 1600522882.0 13.16559800393621 12.106371203316035 9.665407222228772 3.719735094032809 4.799156947671427 16.750805853526582
4.765764825490534 -0.30562253542720574 169.63090138697157 0.03727611004403133 1598827282.0 16.900353279602598 9.55077487429165 2.252728275365274 6.733769836192858 21.82088359392906 18.33140425239772
5.779316293165099 0.4052047904015218 210.09929669353008 0.04588280078223433 1598654482.0 12.432351548496511 12.469189247143683 10.512423092025513 2.596265069199828 11.526646423410973 16.486812809051422
1.257709485246657 0.24840005856529185 212.00787575435015 0.0462862121211403 1597646482.0 12.613087297974733 12.851047547300254 9.689241447823244 3.083912790265787 8.351916640357356 16.201292822442053
4.058860874371709 0.9766616348092089 162.3287436850654 0.03571209640884923 1599648082.0 11.34436172903904 12.462306736817434 10.54535954760071 5.71976478143423 26.571267776707487 16.51105266730121
0.335610847998316 0.5518751320816409 160.99613633508312 0.0354263049581162 1600702882.0 12.803530028259035 13.511126869138854 5.061155590380166 7.5366456262482 21.823105285181946 15.695435782106
3.150416225955511 0.1451503873333851 123.73653418529688 0.02738849184895542 1599619282.0 16.387572438718493 2.800345728764953 8.896291208125126 8.586225331893404 19.420225072867204 20.52851171283633
4.854743419576367 -0.2814590829991136 183.05894297214996 0.04014331557290551 1600022482.0 7.94022979704071 16.777783296782776 7.847340859855509 4.89538983380253 14.247752440797381 12.189866669716618
3.100220512846515 -0.4755941448792453 169.67239878366678 0.03728498951861533 1599086482.0 12.175570515943836 10.857142585940347 12.665344093474413 1.974149960844135 22.77642076071505 17.679160796336713
5.70794703615362 -0.2867917653114906 204.7661751256291 0.04475439512696634 1599565282.0 14.797283962569681 10.666436925102277 9.1229820522587 3.88030579808917 0.7761385945051252 17.811378028705153
2.639801093270242 -0.4085052344573963 176.42693462446604 0.03872864711293651 1599079282.0 12.885877887506522 11.22277165042926 11.715800475571784 1.389082542895318 23.071276131292493 17.470986807450636
3.700880899722887 -0.5083479533546456 181.35408809438974 0.0397799137969724 1597632082.0 11.84992492404529 11.54108938962854 12.328468229501034 2.406011146242636 18.458038856500945 17.268489778413453
2.09123856600935 -0.39500329682532176 214.6018634004626 0.04683412849853661 1597873282.0 12.773759869170242 12.482677099966216 10.197053391596109 2.914423312117049 8.594361273116387 16.602490846511472
2.333356387121152 -1.2136128056747455 276.32100528579656 0.05975284238049262 1600040482.0 13.08720944653316 14.461554368229011 6.951985741927809 1.686169011402161 9.610763414458926 14.914701565516062
2.482387697082645 0.11786061757502182 128.86611645128647 0.02850053072250318 1599007282.0 17.073800207534628 1.345149359350095 8.481756298802193 8.157664771607731 18.434578179354332 20.736497726593324
5.519505422749361 -0.7251878384075459 227.06391298706887 0.04946077661413607 1598870482.0 12.823447072664413 12.597571255005384 10.111767080665947 2.7058886143933 10.027539218809935 16.553261355774225
1.182140929521224 -1.3721435318560662 218.40306009041544 0.0476362992626372 1599662482.0 11.483023107768473 14.524021385736164 8.8265101803488 3.489809042703171 13.733591097235603 14.897847791271012
2.609829717644656 0.38741711381685434 183.32568210422636 0.04020015533103491 1597635682.0 16.356713173915658 11.219831992172217 1.353538902166253 6.323479177745687 22.04173551209629 17.58864754109328
5.899651506369434 -0.44597710759287035 203.11659962322094 0.04440501488398973 1599043282.0 12.395861494622556 12.41325607280419 11.00481264016363 2.56889357812407 12.978182919431555 16.77386352796214
5.104626834855596 0.7714962588621505 176.8115233353467 0.03881076508629969 1598816482.0 10.462564866320134 11.86409348748068 13.216824929373985 3.375344397661624 17.887392554098277 17.191354646987648
3.364253347436846 -0.04911277701154599 201.05220782668567 0.04396753108911967 1600216882.0 11.838277756572241 14.18528018497555 9.115609409091972 3.493967517384179 10.648945609513806 15.344281154665243
5.309207988714597 -0.3177186335476802 113.84106619166184 0.02523823711317513 1600551682.0 8.18767425298957 13.02664799092453 10.30639675764328 9.729252682489099 23.24387215356961 16.368206424613224
0.280048549682362 0.9729809806382129 207.32174578810148 0.04529533184823678 1597434082.0 12.7854660379546 14.293572214034043 6.449151892553926 5.362018033495112 18.586235203528226 15.290877650823356
4.376128175292076 0.6781549569180441 193.2102721621792 0.04230331558516664 1597315282.0 14.015602877509696 13.793671204026465 4.161087877474349 6.210848767750296 20.95556926359429 15.884785763742219
1.707656615643685 -0.3122610499896988 121.01222523358271 0.02679716731636416 1597920082.0 14.939317363321768 8.791257756073435 7.361635479413735 9.442843147305396 24.702963335772953 19.145343217566584
6.025326163855628 1.114230317124254 214.96465248363955 0.04691073120119676 1599752482.0 12.371859407703033 14.792142382626874 6.897785195135744 4.966836823618274 15.791311036749137 15.010390195949416
3.257884650316752 0.40678588468395044 178.08627985780308 0.03908286733530806 1598751682.0 6.43660205229807 17.867508507584535 7.381799721656986 5.468975877836198 14.98399668909297 11.217419946790665
0.779523623526193 1.2787784019102175 189.0405751929062 0.0414168632323088 1599694882.0 10.898480136027214 14.258230840489198 10.215014299227786 4.395884389816342 17.6916680991895 15.570715653990952
3.880718280419711 0.2261132830905641 212.12446765667354 0.04631084433989186 1597239682.0 14.83272503744186 12.600174685529284 8.089549270079297 1.293855273420261 22.816594692117043 16.94475142626626
5.997836346031725 -0.8453086189646704 115.61255879656095 0.02562366781927533 1599205282.0 8.420298411966174 7.785329309239349 16.51345307928901 6.49254132903463 39.136747096527394 19.640484995479685
6.136784739475465 0.4251048970954949 222.90117279889998 0.04858442097006566 1597977682.0 15.100760370757 11.386739539500962 8.857847385506151 3.226242210835903 3.681468246580086 17.801771341159355
2.181732538032001 -0.7806175054946726 292.3556777152394 0.06307310317852402 1597282882.0 15.165558084576757 13.200538136441226 6.447866237850477 1.096660705538389 9.009051637705225 16.515804423065667
4.02911683535612 0.9017224225878339 277.15363360833123 0.0599255843311908 1597866082.0 14.37278407658604 13.63173297367463 7.316528648717744 1.368192857067521 9.505063401388629 16.18581061528286
4.558906438841742 0.5804164468015547 157.38645748966727 0.03465159590135558 1598946082.0 6.121532012235076 17.385704714412956 7.43435182358722 7.325682658841052 18.177125400956847 12.099932546578017
5.190373340187619 -0.9758430774813588 210.63564495939357 0.0459961907945257 1598920882.0 12.731658907854962 14.838091376576934 6.113165865595811 5.408827919248075 17.06794218848509 15.123536455018908
3.512594694047023 0.02240816891969324 151.00214925295757 0.03327931438559502 1597599682.0 17.76946181532757 4.667201181320851 8.379561707531332 6.434643764799262 12.654031499117094 20.67306140842667
4.765033615061878 -0.3682311269250971 157.017616558022 0.0345723795610048 1597275682.0 16.553815797964152 10.550485780645273 3.074336194778747 7.437830314616272 23.252490014409414 18.406566227856814
1.034888248819539 -1.1377437389297191 205.15720864565213 0.04483718172631749 1599298882.0 12.326701195149163 14.635859525967891 7.692773299765749 5.01202286317455 17.233436343198143 15.37031868820764
0.612355696143872 0.47432807805935484 173.8375116169274 0.03817554667125449 1598838082.0 12.372737375289697 11.629527609164803 12.57199716560786 2.143414901022698 20.66209475295077 17.768904589981588
0.946493096008966 0.8463876751513676 138.2315851793559 0.03052633082769056 1597808482.0 7.445928681205007 10.465831062170073 16.38057755900381 4.454672189897633 26.641158465888356 18.536700877221328
3.809255901505293 1.361494178759247 221.63299352336801 0.04831723243516958 1597506082.0 11.94772891408924 14.922318558729 8.872215434597813 3.202064672284325 13.291998600491853 15.222274832887857
6.154915907055215 -0.5257094427499666 194.73146040591337 0.0426264446081008 1599954082.0 7.471475839533452 18.30629596758293 6.167188042348761 5.131801774979496 13.544551880163342 10.963236247938124
3.222269596694598 -1.4068587777558865 231.704124962678 0.0504364087953816 1600299682.0 12.22660134296099 15.11801606612693 8.26834781866599 3.057467441804179 12.090609514296084 15.073269824687234
0.223008515453385 0.6069494492109133 188.13308457803979 0.04122379911973596 1598042482.0 15.043821168673961 12.687669945507755 6.656852789787778 4.988128499819569 27.104226204506517 17.19045288381491
0.959084880733546 -0.08030974342764584 221.24429217021043 0.04823532538596483 1598197282.0 13.215110765998917 14.628390365673742 8.10176813110823 1.601617453334368 15.311140241233371 15.583419967217937
4.781324946172248 0.9636552891088057 151.36129668169932 0.03335657698271793 1598982082.0 8.303169373946444 12.14749448454432 14.890424760960151 4.350728939685149 23.48560833742036 17.595346359787044
3.354619229911443 0.36551563405630916 145.85302499930134 0.0321705924955405 1599961282.0 3.451002396696622 17.657771992051185 9.176833157384946 7.05990894855566 17.831103103561766 12.081638907962025
5.309779331138528 -0.7619293068957221 180.3489553143637 0.03956558394988507 1597484482.0 11.16871777091388 12.387641090650586 12.983112299057726 3.326179523860205 16.774250260027557 17.446057773640966
2.373769736289682 -0.2588040921271838 114.86151354652431 0.02546028798933467 1598614882.0 7.922406613763862 13.565949054760383 11.1937842721742 9.263046150211247 21.107368761051042 16.548998666587877
0.321036385121344 -0.15710220035691785 203.7996666363237 0.04454969883570818 1600519282.0 12.717584835697298 13.955907121713132 9.62614886809781 3.094389522900117 10.447619974605242 16.247306010639814
1.652979436694386 -0.4037820484424991 206.2198496760234 0.0450621435697194 1600710082.0 13.057983622025098 12.91185611279474 10.668817221526947 2.903996297905046 9.933201600249088 17.110458546680505
2.669435915392089 0.3346029969085083 205.44258797364986 0.04489760003544008 1597412482.0 15.184693798145258 11.317981456664763 9.366997893807088 3.734448134885421 1.4054498025731472 18.22804647125321
4.559043848180222 -1.3565884387964682 204.6790556164508 0.04473595085676262 1597293682.0 11.675859142707312 14.904665428377472 9.363964699579036 3.862918638069967 14.990947882075192 15.45741446748623
5.175812686136297 -0.6354791392083562 254.6148675388976 0.05523484977535763 1599302482.0 15.440866204555476 12.512596858451623 7.846332315532943 2.140555299937641 7.8231839539640795 17.45185540121311
2.637362500209916 0.1796831860525501 234.8237398978846 0.05109160400014461 1600321282.0 15.68777031416678 13.046828991820064 6.454960537929608 2.24189257237173 22.124106683348575 17.111362753513717
5.988800213611617 0.5575525958442519 170.82479695820606 0.03753149963476599 1600450882.0 15.038712545407131 11.806919410218232 8.820836829985895 4.564897864146937 30.45162609358743 18.022439621613792
0.962560018922059 -1.206505873653241 177.07374286984984 0.03886674724812254 1600512082.0 11.176196166224454 14.284930140670747 10.490791748612901 5.04975952982589 20.277599200112345 16.13890156013606
4.532258224166876 -0.6644266614135449 188.48362033468302 0.04129838378397037 1599514882.0 14.560645120114996 14.028367564076497 4.104998300687607 6.343082057781229 21.745694732889685 16.404209440089545
4.857420782913676 -0.07709683943845463 241.49864350431696 0.0524915652495668 1599450082.0 15.202596632351739 13.864895351650022 6.387341026429732 1.352037662460846 19.683384496185024 16.545243292095087
0.41725849149667 -0.41693775232847863 226.67108474295097 0.04937811049842264 1597772482.0 16.467264001943995 11.059039089881242 7.943380643502265 3.082812654255899 6.181256154212754 18.54108447795132
2.218545540325451 0.6998607766166478 171.30639339921018 0.03763448947680319 1599104482.0 14.50621820291071 12.67347551447885 8.148952229574283 5.417240933964758 28.978833623538993 17.49806527382285
4.405861062184812 -0.6609193251067101 140.1979144021444 0.03095091572921775 1597898482.0 10.106710592340674 9.867606661093454 15.975481200513595 3.555496721670913 26.935345441537688 19.235466085413865
3.868336863635176 0.24172444303725554 198.71157214328053 0.04347120294777507 1598362882.0 14.345291207989877 13.174456601386128 9.41698507889074 0.182686755966369 21.372810771213118 17.161012856731038
3.847994112478098 -0.8760817988618685 233.67699824479118 0.05085083552310429 1597815682.0 13.605589130360514 13.680836570355732 9.553343934218939 2.348813719119931 11.063804896101518 16.78973977751853
2.268260538477088 0.10506012780401364 175.9182354413365 0.03862002888055404 1600288882.0 10.565420900945346 15.785458955715525 9.305610773632797 4.664453887894456 12.921541423106426 14.831710648363433
2.21542673000152 -0.5455755368367373 147.46673761168313 0.03251824245336978 1597664482.0 5.352579237446982 17.791802163843773 7.991394452243242 7.75819240714367 19.302251237090204 12.357266656132103
4.092528369423283 -0.7579228203149354 185.04545623079864 0.04056650747134755 1599601282.0 14.518969761932533 13.59238738950657 6.615221056192666 5.62953413674068 25.42744771609776 16.919021460088484
5.618494039770431 -0.6304423702195462 120.26255060098822 0.02663436013475436 1600238482.0 10.419443705434004 6.468160646933375 17.466123524390433 3.960464016704599 36.00784054437042 20.719931306053724
1.401507416132213 -0.8530231888254367 187.93623103278566 0.04118190697329376 1598787682.0 13.970272875675843 14.075973078610074 6.793038044181254 5.728548181689349 23.409122750451797 16.556876346716926
3.228302485429264 -0.7237957106545804 158.02006311867447 0.03478763424405262 1600728082.0 10.495952012491893 11.638155634932415 14.635238827318616 3.573841161807691 21.22433856107247 18.361033871517638
3.286595000517361 0.19545062781236203 199.280352890078 0.0435918470185206 1599914482.0 13.095642330784333 13.773867413890883 10.017451209727884 3.323424289965856 9.23401743258507 16.81934379832472
4.814942500597773 -0.0215242670911149 159.03738949679956 0.03500601794076541 1600764082.0 19.054342261675853 5.095775937694768 6.933680657239066 6.115599818994323 14.711842569908033 21.178867949627076
3.158795492206988 -0.4928380447343398 183.11687130139913 0.04015566184122298 1598031682.0 16.23224319480931 12.902886181737411 2.232617776508808 6.406709634167774 23.068456525889523 17.593073341743178
2.593209653268349 1.3631730779167157 203.31048253620412 0.04444608988053567 1599550882.0 11.943791131575358 15.198029783905534 9.43307636960429 3.838026351195253 14.94668390089822 15.696098963180443
1.587653481626547 0.8560954176907192 123.94053055620083 0.02743275095965496 1600134082.0 10.740822716101768 10.246043843897308 14.650139234990124 6.513950721898327 36.963568962680206 19.298274695698694
3.562654248141537 -0.05176104293627331 177.25019811998058 0.03890441058733516 1599273682.0 12.552498382350178 14.029107910086749 10.141146219285428 4.500052748273105 9.333711830247926 16.752866531345354
4.52142002557442 -0.34708254305426123 144.6483258807262 0.0319109394442312 1598478082.0 17.133070121433487 10.240632710207999 3.857344858623772 8.03073613044335 24.243538270741407 19.31097936255736
2.308058798646294 -0.10551643258374126 223.26064988315727 0.04866013635410426 1599417682.0 14.809897591727298 14.22899810194302 7.465728165536342 0.662063466679933 19.507970291285762 16.59844847427147
2.085835879132186 0.742878964526836 178.65795645419902 0.03920485304546883 1597880482.0 10.488178235713601 16.90315298132965 6.261673394256968 6.700837514394103 17.005073445735785 13.9323960536138
2.90966928327377 0.9625436481604818 228.78113842456182 0.04982198758800959 1598276482.0 13.433778984738874 14.158446688296838 9.695907910840914 2.367690019596047 12.102612837573265 16.735680567434777
5.221999216252376 -0.5801377085345473 128.89415291078552 0.02850660439708957 1599716482.0 11.684081734706856 8.23863662644563 16.31245057452775 3.279165408476277 33.28065346472938 20.331422367996502
0.926142158387833 0.5381804097153887 156.4333168951243 0.03444688893078519 1597437682.0 14.56203017274179 13.788452119570668 4.580245569821218 7.732407535891267 23.3620362658526 17.112027890721112
2.60581977104742 -0.06619103525762725 219.28705983869602 0.04782273902623222 1599511282.0 13.879300668600315 15.0389018476263 7.906456172903229 1.315707762753478 16.553473559238842 16.02741785754706
5.723998360370893 0.04439808490645691 145.4782132652571 0.03208981462353462 1598834482.0 16.642909925174298 7.892743033192634 10.097768548758216 6.48642539748227 9.755864653669036 20.518896044350406
1.866136127849177 0.6072118298730124 119.23147969497728 0.02641037855133023 1600227682.0 12.365904301795782 6.504462166217403 16.417407816454094 4.374050556678542 39.431888383860134 21.013785639082723
5.25134344347314 -0.5110771595982082 219.68644693369694 0.04790694318364082 1599730882.0 15.073872299223357 12.501982607260603 9.565369413934116 3.080220434130541 5.383377334734689 18.116447666172164
0.162721132226479 1.055790212703014 219.05565064462274 0.04777393372337931 1598200882.0 12.411220967359341 16.371808876549533 6.02364210297062 5.127627570272998 12.722459969253572 14.717854279232562
3.748989448698913 0.8357265482101945 202.75790536880186 0.04432901250104498 1598715682.0 12.704207438297141 13.553392887674041 11.43118301669449 2.989432784186824 13.425197828920519 17.349511237139215
2.192373482447669 -1.0538115635206133 187.57562126251398 0.04110516607799923 1600263682.0 12.998513687921493 14.780101714978194 8.200145806364754 5.524077095398742 20.643475515327605 16.331539336407726
1.749933785984331 1.2477133874242312 197.03403797554247 0.04311526993877459 1598665282.0 12.34347291183882 15.261878214055526 8.763496115785884 4.830709098268219 16.86213775962907 15.890120770113244
5.563249663279898 -0.3288131011058436 199.1754657929563 0.04356960484118702 1599561682.0 14.81533158708607 12.282883913688842 10.057173470156767 3.768582453558473 2.51449429223555 18.298715855310835
1.269025325690904 0.38754622283303014 147.57948747982059 0.03254252696994285 1600630882.0 16.816020423375875 11.253917397272703 3.644936619835842 7.95629645186067 24.426007277597233 18.956971252600074
1.897224347778663 0.46723140410155684 185.13229848936726 0.04058500229298806 1600825282.0 15.898504151584241 12.505687592736463 7.731137283064981 4.148178753421438 28.61781568823934 18.158752845883328
5.739390440764015 0.5054086953711491 151.71734181498806 0.03343316782828584 1600371682.0 12.699456665770626 11.020388075614147 14.162078874467047 2.332147339093619 25.96890405921528 19.164539881344748
5.670849837891714 0.08305531669606167 205.42000787069293 0.04489281955028707 1599126082.0 12.216920406946818 16.347076780007356 7.948361227503577 3.058007193324862 13.849822186811663 14.892313400777677
5.80558899790516 -1.2087048870040216 221.95710927714467 0.04838553002347732 1599219682.0 12.828042405180216 15.127963124913618 9.42873346497661 2.663374166620074 13.285149444020558 16.141661892571374
2.104581447465293 0.6651692903971513 238.78320438363065 0.05192236389427598 1597750882.0 15.324020742702265 13.095532919570951 8.796931728781347 2.394228854246625 8.068489176679725 17.830982905328476
3.353392194617419 0.2848875409479576 114.51762839823442 0.0253854631836992 1600738882.0 6.204832018797431 15.3829710468814 11.338927559184274 9.276974432471278 21.576919233757792 15.910168861286428
6.242553308470599 0.36684723564081523 111.77055119566032 0.02478748262881003 1599230482.0 12.022058444587845 12.597508978134085 9.004052592020862 10.277147879404135 26.160210350584293 18.199522544839038
2.303193508751538 0.09577212976430237 166.5279738744057 0.03661192851574749 1599342082.0 10.806621861434152 15.841893584608568 9.844549828544661 5.052192116745239 12.9960707499512 15.466831691307306
2.29251672517113 1.2505701429505858 173.8350839661902 0.03817502794297611 1599028882.0 11.02625526660824 14.739178825802703 11.443087755254346 4.557772340670114 19.50162626729777 16.53166208486719
0.268646840988311 -0.8416766695157059 163.41915854370197 0.03594586392140844 1599637282.0 13.851181503318967 13.448254505361142 9.089303391699852 5.937222766448085 28.350617315665627 17.598899947516077
0.606136945003981 -0.35801773922047997 187.5470682911882 0.04109908975737927 1599892882.0 17.571836955279753 12.085557159660869 0.51756647581567 6.01289881540597 22.80598805855605 18.579350936029332
1.475822494969611 0.5788554843607565 190.9395974854478 0.04182073030839824 1598139682.0 16.00753320129889 13.733629553849422 3.333691524003092 6.015251813865645 23.568166394702946 17.422338326186594
4.800366991390677 -0.15388643764500642 208.2799442785706 0.0454980426738839 1600832482.0 14.470025841250358 14.402762658261786 8.67322665351788 0.614881090435831 19.045640238623477 16.881486521782424
3.349161955961647 -1.1495195161072091 189.13448737270878 0.04143684090750273 1598319682.0 11.550983278570232 14.66939905409614 11.498468859878825 3.462155654110035 17.011321221638696 16.662128393356543
5.294732835573556 -0.06288189961099032 147.60580384704562 0.03254819509414181 1597837282.0 16.454221228064547 8.906827181497075 10.35414445855072 6.283885941117711 8.59004763454889 20.431273240099436
5.091207017061215 1.1220047612044064 204.1658040340986 0.04462724655899633 1597585282.0 13.06460339040165 15.701922370920862 7.249289134043499 5.215244895406643 16.34966514779177 15.82513298574519
4.19865564371094 0.25101701222533146 106.12417238404788 0.02355675323032441 1598856082.0 10.449437459236377 12.28822378635654 11.570366044680176 10.146561441897024 23.114849854381312 18.601527429664795
2.894260799605779 0.9720049515257178 284.35634180210934 0.06141850461709621 1598629282.0 15.28026658862565 14.852951880678333 6.501595204179084 0.81210118355781 9.52632881434317 16.625787065604136
5.417309074238793 1.240169312753635 273.629419467896 0.05919405135495467 1597286482.0 14.30015191920066 15.800324311140448 6.432245590764617 1.582605161136795 8.885263331999429 15.759846679082445
4.724761452261346 0.1406539173217685 120.01176963031243 0.02657988888336536 1599900082.0 18.580669337911747 1.454855153925286 8.496312231754464 8.867455515280492 21.04088436181784 22.2724125747471
6.120102091775775 -0.8366158198712678 166.44236014980004 0.03659359648572875 1599889282.0 14.129118847415949 13.727334741766194 8.653749699247797 5.939969407572568 27.772841846050767 17.601210748824467
3.742234006354777 0.7083273412098755 162.56664545007726 0.0357631064123551 1597660882.0 14.862250844050688 12.981657576025581 8.782929032273323 5.637338868664407 30.451348888182245 18.160559794719696
6.103554182347177 0.5373155004770771 153.018805899027 0.03371307096615623 1600368082.0 15.331974032861662 11.295040404612582 10.79763382658155 4.385506850899363 33.658748804812234 19.258530430346124
5.526196459483501 0.04017363858077436 170.73790996462236 0.03751291434147806 1597362082.0 12.75639127327415 14.326618310809595 10.412484493977969 4.741427255956574 9.669608794914948 17.13553279235065
0.580744646995441 0.35727085743141024 200.44354248484333 0.04383851076823721 1600141282.0 15.878934418175554 11.817505325598333 9.643596708144338 3.767149063450388 2.1311655358153425 18.95602616036145
2.536250131930551 0.29312160491083383 190.8531633200683 0.04180235049452145 1600684882.0 15.844508957914565 11.578550480327598 9.841473380775023 4.129320510543536 0.6323557595245777 19.1037784299529
0.662990998534751 -0.44373890417007367 194.17355982514334 0.04250794845595643 1598110882.0 13.428704089474694 13.368202952007138 11.48690323957496 2.924390367682705 11.90862874155562 17.911758667998726
3.608649880900312 0.9822378180774843 149.13764911873062 0.03287804487323832 1600072882.0 12.155350072839148 13.451748195064532 11.53027952822349 6.188991588373313 28.76042450113274 17.86066903207145
5.479729897725907 0.9992483836518453 191.5791255603745 0.04195667148691282 1598884882.0 13.565930734060471 15.203160042885907 7.286401949020474 5.677823121160707 20.13894957423038 16.41230652404478
4.131319345832564 -0.6488313920162014 121.69277963784903 0.02694493121766555 1597628482.0 13.301883633302008 8.410042068157711 14.99416752818989 5.316132830526987 40.15266709453584 20.737078780029236
4.197463914304944 0.3437150740498072 108.39213917393634 0.02405135819851943 1600148482.0 7.350517536306802 15.032267919754013 10.85334540312928 10.251806745930358 24.749570645487914 16.641056338077952
3.410544625796165 -0.9608677906856137 256.08594146301164 0.05554190964501828 1599795682.0 14.885645402267977 14.672586163327667 7.996392091606938 1.555962697994831 10.470778245997229 16.96896418295257
0.332142171833563 1.1307094517884078 150.58926555389385 0.0331904687269356 1600548082.0 10.71158987380265 14.057810013707124 12.6187353450902 5.752726507989504 25.426661538776937 17.523256021918563
3.069374770763956 0.05031350061135412 212.54392882739631 0.04639946335295481 1598658082.0 13.195006276854075 16.353103496230826 7.678706949941335 2.407583005512279 14.805138507234634 15.455328757348623
4.020732754239405 0.4322993719852015 118.21583145781831 0.02618967978062925 1599975682.0 11.573350805455217 14.347835251456283 8.279133040794708 9.901846443303183 25.88487588747015 17.335889240534083
6.170084260112831 0.04135750272917592 183.45752835117224 0.04022824522770229 1598445682.0 12.043088368487313 16.116377987812598 9.361059000957964 3.97417136920719 12.840345112269295 15.762596269093384
4.853685382860476 -0.199040243112698 175.8726451853444 0.03861029437893904 1600155682.0 15.318793454060579 11.976444875980661 10.419702967836436 4.669796709204391 2.91008181881394 19.1060891898736
6.1864923398841 -0.6936545847543556 178.76129388108214 0.03922690176938807 1600771282.0 12.437069092910303 13.139533646611378 13.06430604121159 3.311813297595581 15.706782462344885 18.33916266568333
0.909809432302228 -0.35558356079582715 170.78477585684752 0.03752293904501859 1598589682.0 7.96165303660604 18.800015784956845 7.921991981680795 5.425495838323131 15.60080321889423 12.473246615247154
2.092753313241452 -0.9281859229069904 141.63913057586691 0.03126194866916478 1597351282.0 8.765320976941496 12.551255842560892 15.995832054854375 4.554723443945708 25.032735983261155 18.800079803201527
2.506115158861583 -0.41192650519366214 196.13919677695986 0.04292534425049257 1599946882.0 13.915791237832154 13.583642159403158 11.192082094383945 3.164131321048131 9.539252037414661 18.13625304188254
4.309734458691667 1.1662671529552993 171.42499802303854 0.03765985031287016 1600598482.0 12.303932634351407 15.091207717487189 10.314925659057497 5.481366618141547 21.49295763780101 16.965548314894416
1.635216598996095 -0.0382717075294669 158.19040310125058 0.03482420638914445 1598049682.0 19.891792634626253 5.980840797620481 6.939725530815398 6.064925450738673 15.047218766705642 21.92319605771567
0.897231742438934 1.0171278965424704 232.21617206728337 0.05054399079206313 1597992082.0 14.268340379151425 14.986900931013128 9.226050464573984 2.125086915035159 11.962099917055314 17.123712761741903
5.179812027380583 -0.3937601234668346 193.7611145535241 0.04242034650797215 1598690482.0 13.876066606957131 13.745582060928847 11.29245810943234 3.081308584021423 10.536827021652279 18.153768127415287
3.842075602787912 1.4415553765551703 243.49842441134797 0.05291048792158136 1597606882.0 13.767257262521506 16.426307840320327 7.222938869991569 2.646226814292354 9.613775328329133 15.770565456088317
5.681812434331847 -0.6167961612828482 158.96097031031937 0.0349896160642116 1598607682.0 12.163177474723517 12.435067271321353 14.408341393384159 3.234592388020418 20.475257652260506 19.131277424849824
0.631282002179387 -0.19397716994992908 109.61754985222804 0.02431845600898876 1600231282.0 17.815162669428354 4.412974171988071 9.286290024251095 9.913378002680469 23.74634869137028 22.402907551849783
2.843439006264969 -0.264314885570886 189.48643621066728 0.04151170999886447 1600814482.0 14.270467736996975 13.75548187051348 10.737807950264761 3.71832194296926 6.930417300677654 18.242058192018998
3.529580787896186 -0.6157703597469226 184.7961996775553 0.04051342322905645 1597952482.0 16.226148556767566 14.339972708309848 3.859349260648932 6.21980774078087 24.2140111994164 17.800800039162265
5.5121778663776 -0.00407652141899321 208.59246388664008 0.04556415192780313 1598992882.0 13.677189492688715 16.281494495368698 8.106558705525108 2.212359844709514 15.344350123354745 16.05230022605865
3.449981734822017 0.8528186496291242 187.76736412665994 0.04114597062705461 1600058482.0 13.778802064450367 16.07813448047074 5.877224259773226 6.325103362970987 19.261336518593765 16.26050687657785
2.733501113539444 1.175940494407952 209.52042831501194 0.04576040043900224 1600566082.0 13.243767322303864 16.533330356119926 7.01525018102787 5.024344072864121 13.956373801953976 15.80680680442005
1.673994290001999 -0.41698024195997385 140.73299344695414 0.03106640653992592 1599378082.0 3.467185168537252 19.33844289842289 9.239155314894894 7.418872872885734 18.855135083255476 12.345972567186235
3.109015180293048 -0.48416096415503773 243.91613015886458 0.0529979477427165 1597984882.0 17.887662898387553 12.423923284650803 6.827793050867125 2.340802922747393 9.656978612858845 19.289027975379234
4.841984777828327 0.5459900379955801 147.99302640584082 0.03263159632210433 1598517682.0 5.138674997012826 19.5374700000721 8.205008616281214 7.488275809288059 18.538065908002014 12.239379956278114
3.662204253348316 -0.4469983267562908 177.7801436526056 0.03901752435609338 1599270082.0 13.615239638657057 13.571556149186984 12.47705554501859 2.650935546913283 16.430265568634738 18.656878751962395
5.022318593722803 -0.17182355015177328 197.12641408457173 0.04313487476956099 1599543682.0 14.863861807402882 14.937464590928501 9.386022673293224 0.845636172769055 19.3974894651689 17.599628120782555
5.734811783994383 0.5186683579079959 188.93601865326892 0.04139462121223571 1600162882.0 8.984934965966183 19.69868229632866 6.189997864152629 5.098053586947879 13.92704117810664 12.043059423429247
0.646764871555497 -0.2892170868910383 152.42497967571438 0.03358537015083433 1599201682.0 19.058005775314605 10.458357170785021 2.475073223721687 7.424287185397996 24.145299690732873 20.602272005921428
2.362399589592542 -1.1620398736524775 193.44374086116588 0.0423529229935829 1598971282.0 13.424907783241432 16.15198024646946 8.063510318519409 5.316074207969837 17.385930490788223 16.538107286810288
5.410150904335109 0.33454024355853884 190.06042748753723 0.04163377899283107 1600638082.0 16.337137551362446 12.227045862370163 10.117601815997501 4.024626110694907 1.4741719481659923 19.633276476688756
0.370701691981317 0.1399179337561145 161.7851012405974 0.03559552848650739 1599154882.0 20.089783885718393 8.778197415160507 3.420776557545279 6.539151952412391 21.260887868059303 21.40237456658164
0.642875514262331 -0.42865214451906986 180.90854822438556 0.03968492057200669 1597419682.0 13.7558841577125 13.773511606239792 12.220042371554452 2.702998006311407 15.35346615665144 18.597311169766325
1.57027908239375 0.4077368977070487 114.00749231881605 0.02527445803224088 1599684082.0 13.458812290291371 13.55235023142766 8.13861518157129 10.247986407228288 27.102010546979745 18.772264401018234
3.299284313273685 0.20767439347187525 148.59631701731604 0.03276149533202734 1599194482.0 19.84057272092732 8.702378209517832 3.512558838348487 7.388067153446974 23.077838924179062 21.460893079066103
4.340311047575354 -0.21880424980107152 110.22945409713815 0.02445178986649692 1600627282.0 18.329898477338958 5.297678256568264 8.52500524148271 9.994102761713156 25.030569946429683 22.550897600063358
5.492954179433176 -0.05145286477412312 187.65520528632362 0.04112210225039881 1598694082.0 13.263253618038952 15.952191797985185 9.751668834177638 3.39053705595303 12.821344347861684 16.80787562768375
4.016959728578417 -0.23696615425096976 117.30924879915736 0.02599262181355779 1600623682.0 18.939281625243538 6.395587499019857 6.984084005228249 9.499178466068237 25.295444604801283 22.309374921825736
4.561942426340401 -0.8351333028703298 162.54221906740716 0.03575786899906572 1598488882.0 14.791363353996877 14.40252574777578 8.669254890417655 6.156940630753376 28.31420977974488 18.216704645890648
2.092469689121257 -0.17653125374299813 179.10728153510672 0.03930072387327771 1600296082.0 19.637647589163592 8.729656996117763 7.413449453902852 4.797763488807801 11.417455492655748 21.53172009237284
2.474244504896962 -1.289797751816808 213.93328792941176 0.04669293975154253 1597761682.0 13.428174110685982 16.937506610260222 7.211093412115833 4.588874183521367 12.156977521140282 15.917710087111981
5.046109819993154 -0.555583406053673 160.56222316252547 0.03533322554027087 1598240482.0 16.296238438841574 12.892458507652607 9.189237883309026 4.938857503046635 32.37157622996743 19.349464942654603
1.776928552028184 -0.8627084534285845 168.3365965648861 0.03699913649498707 1597243282.0 14.780167785977138 14.79961314291387 8.133066810998319 6.149294204803263 26.55881570358843 17.955889138414328
4.801993437975187 -0.7359873097360311 181.20464233805777 0.03974805057819631 1599090082.0 15.642205765738861 15.142035543876975 5.230222479130028 6.340713163032666 23.903772506369375 17.670270847238502
1.945868869970979 0.21867926412234534 187.847613716434 0.04116304843767976 1597783282.0 11.475181259612386 18.30896895664975 7.789656690763324 4.01325444424246 14.853716730544527 14.438308333566816
3.288892324421841 -1.1524731422550982 162.64895570037805 0.03578075506727871 1599522082.0 11.137561634044886 15.121106312571216 13.198211671140204 4.282637211593296 20.773430044058284 17.79266848886062
2.671129509181143 0.3256754260686749 199.02591833010703 0.04353788946812545 1598251282.0 17.219035933725134 13.659998168259106 7.041631637713579 3.57368160438204 26.87247983462046 18.943362289141408
0.763737877441176 -0.7109468083460833 178.10923405112413 0.03908776677337387 1598802082.0 13.129884089493583 13.797616750132216 13.103795529131766 3.385520521460664 15.133020840068417 18.856432925504805
0.673997868743534 0.395211612181126 168.21363796090978 0.03697281708330636 1599183682.0 14.160615829595823 13.511696431784832 12.6345789989813 1.910735745403748 21.061343006622277 19.073713278846956
2.802773941400248 -1.1784505823567804 151.53157070700206 0.03339320557374999 1598730082.0 11.35356375594734 15.05456176726033 12.645712092606814 5.650046214266947 24.217601127228647 17.90922852924758
4.717016694489392 0.4523446382642815 171.037728717461 0.03757704179280155 1598193682.0 16.817919005933305 13.05078083879805 8.764951999832645 4.172919054546306 30.884625142272288 19.418548779074573
3.687342905070303 0.5172061930089435 170.20159308947962 0.03739819514118492 1600666882.0 17.1892102384298 14.064600111427806 2.716068164458122 6.907808559882509 24.720373497020336 18.723348899032697
4.283109054641336 -1.084284443523372 248.76571032322025 0.05401274775176197 1597999282.0 15.251003356960014 15.88300874521808 7.900283780638 1.551295579863562 10.887865062621279 17.24569816460678
3.038833445987448 1.2216088275057497 182.3067265911015 0.03998299565010449 1598510482.0 13.165704292446543 16.15494616038026 9.371991000704497 5.272293017394658 18.64600561418666 16.999031104586518
3.646768712184097 -0.07472330760010672 141.79587215548995 0.03129576957734165 1597729282.0 18.21842356974541 8.291611881727077 10.390348846489589 6.547942159345999 9.589924250063214 21.97147817149641
5.764057845633149 -0.3308888497591459 190.64745875605132 0.04175860839805258 1598017282.0 17.925903965777017 11.366989059860458 9.212437119930708 4.022969899986238 5.161863550026443 20.55216089600149
2.4411718235729 1.0689306908688536 188.72874313489376 0.04135052807127722 1599903682.0 12.946369966187863 15.372023373136233 11.777407465986544 3.223992076204067 16.2837699548322 17.796346446074633
1.892418812223263 0.9990812697454804 147.81151442666956 0.03259250185975191 1597722082.0 13.132580150616564 14.599270283197688 11.401140013936677 6.39188108786349 28.567163409560223 18.528540117104292
2.177240478956655 0.7600419280272285 117.31911517123812 0.02599476648030809 1600400482.0 13.254699345985882 10.603906009126145 15.003323574262541 6.574614081265644 40.81153386574536 21.071599923690588
4.660247641033319 -0.22765744962187087 186.3068296747682 0.04083509729383709 1598845282.0 16.367533913026197 14.155264244490974 9.394758561439303 1.07542345134272 25.130847575402562 18.90275615939373
2.730876691276221 -0.33083964028739143 173.69439311219054 0.03814496582433557 1597617682.0 14.64159976958493 14.159204932355602 11.874667209610346 1.575846059546969 20.60501255867371 18.917385018947368
2.528814760348829 0.5205598187514242 201.5581055265737 0.04407476749488527 1598874082.0 15.786956892244207 13.635316421353274 10.64734648636869 3.331100735869245 6.325579703586666 19.33106896244678
1.199428854708493 0.531837048271063 252.1146343436148 0.05471271142058892 1598089282.0 18.333894852248722 13.417269508660022 6.485434512581337 1.935732173307811 10.619975449874774 19.543275577985188
6.076185252498544 0.23219692250817725 204.2720950058672 0.04464975893527046 1597380082.0 19.91695943715933 10.626486677696764 6.211173982225759 3.86370202470864 12.886697725538681 21.217731942756416
0.170482988876288 -0.27948679929514614 204.22070674737608 0.0446388749270431 1598863282.0 17.57671252459818 14.043292831165084 6.806322218301751 3.417069671180106 26.159147834411506 19.1557618081196
3.777625413289074 0.7330950159108477 128.0217090876046 0.02831759412718629 1597491682.0 14.606585579625357 12.04244664875911 12.968704482773983 6.314939824818641 38.15019962679854 20.52847055305197
3.124204860989194 0.07536103706145585 216.88981003063594 0.04731705887436603 1598780482.0 16.672300532499374 15.3571087021531 7.133577287315308 1.379050454791856 21.559670607977793 18.186679469241806
4.954235441740165 -0.21497309892829664 184.014142244944 0.04034683204470964 1598773282.0 14.34825700293707 15.198276484119484 10.973689635733733 3.299506992727694 11.407452914270028 18.36249137886255
4.486005614061263 -0.9440200213320515 110.70893394134818 0.02455624773520307 1600224082.0 4.999315563728883 11.165432546510303 19.534514613996606 6.160576076474169 35.13121546513502 21.08419111334876
2.897135283757931 0.34946833859561194 185.3456795288806 0.04063044611644812 1600170082.0 15.489660859437159 13.875893722929312 11.192598773907678 3.845197508158032 5.218099388606063 19.493316924802816
5.43676275626839 -0.3212262838213804 123.96080833449912 0.02743714971594404 1600213282.0 18.826038665316165 10.23342727748349 5.234473804576411 9.280507862295082 26.867749521584617 21.63208898883547
3.430113722864473 -0.45476119874695486 182.98247068384043 0.04012701702947162 1600278082.0 18.179260121950932 14.151712343627487 2.428602518240415 6.073922666714105 25.26912437434549 19.32035572484064
1.152839521911778 0.6915503720826858 149.07210806158793 0.03286393712383942 1597970482.0 15.988673441539156 13.705068532189975 9.73658245939087 5.977876199378121 33.4105808893609 19.651303271380982
4.582937293359611 -0.8442588155789459 109.81960707377075 0.02436248425198555 1599529282.0 11.507558041569933 10.657300604765148 16.659398543108548 7.18440808800528 41.74203958907396 21.484300581429775
3.426268828344483 -0.19393290874668861 213.97291940532472 0.04670130906610455 1598704882.0 14.053795429639457 18.25986995382728 6.292946559733322 2.623544378103533 15.422657709554041 15.62028576837482
0.450216097848254 0.46456855980444567 194.33127940950885 0.04254144754971849 1598931682.0 16.138887392435752 13.693754636157804 10.843770839246142 3.568759375438125 5.2274658459025485 19.768335685119883
3.806327155644209 -1.2166206301641884 213.54659879511277 0.04661127933067472 1599108082.0 14.367351159312264 16.564122945367636 9.568812451321707 2.605360285691467 13.322241459943315 17.457687512434717
3.969239020558507 -0.8396293118323988 129.66183449751375 0.0286728746073316 1598841682.0 9.522778720077108 12.532820136489129 17.592322195720573 4.703817479356829 27.402640354750595 20.54991517424583
3.263902480479263 0.2851166170611138 181.22968391331563 0.03975338967386903 1598794882.0 14.958951894680302 14.627985617817563 11.394710141456088 3.73215509423725 8.204977877460571 19.171297364617832
1.188471518993126 -0.4241699211675861 141.51589558017716 0.03123535764281795 1598712082.0 15.72039315022893 11.937197553656944 13.759163941582162 2.071799343618626 32.355676496260784 20.993753968485912
2.058963075950821 1.1893216118638672 234.99483369224714 0.05112752664426291 1599820882.0 15.247838392697933 16.71747483980522 8.237176492851596 1.935798761162092 11.383387967535016 17.43831898629959
0.855820755672937 0.18152042796180834 194.1558299972164 0.04250418270187776 1599093682.0 17.030776743101057 14.78668145135711 8.536051800093217 1.47014683602076 24.799396990562844 19.106880135874835
5.108272087700565 0.9885277348942323 166.26289398454514 0.03655516321253583 1598128882.0 12.390860141176033 15.157167298835379 13.6898630584391 3.777324717696051 19.053032406002448 18.84712040657453
1.828479377000752 -0.45000906705717414 152.30004446652248 0.03355850315262866 1600180882.0 17.04312066654854 12.672304337615316 10.904349513568626 3.87665614139729 33.96724970071699 20.601001509810914
3.530655619194176 -0.4831260347631365 170.10516310670252 0.03737756858434663 1600191682.0 18.190452213969902 14.317165305088546 2.27313066206567 6.781723583118048 25.57315945367349 19.546136434430338
3.011915795215127 -0.9074374983362541 159.58830131538085 0.03512426033585745 1598294482.0 15.024606412538835 15.486308655240977 9.011003148977318 6.418207809821634 27.371497141128426 18.65825198384451
3.791504540665228 -1.110018943617687 195.5898169790031 0.04280870394709668 1598985682.0 14.035792262477718 17.602187899441212 7.12749441038764 5.572739346621193 15.269955433314196 16.699103713400802
5.956267302435496 0.345707094608413 115.2010815663489 0.02553415782382544 1599918082.0 17.997663792625605 11.058795825944461 6.488990813342634 10.04848368880742 28.041177366524273 21.61006543748215
1.38427412660951 0.6079248991517211 121.91839217195003 0.02699391054527516 1598064082.0 15.515735270746903 10.583017652180233 14.424011152312788 5.349822537400282 40.89426195066546 21.849730888402703
3.453394698295944 0.742818102420704 132.63441174993238 0.0293163383307644 1600256482.0 10.930167165452637 12.43133476543971 17.266267827430223 4.252956053153708 26.36588428203564 20.872953651636074
2.702498433419017 0.30915015418994746 106.70708307912271 0.02368391195743539 1597369282.0 5.178759452699074 17.831268502024518 12.151585444292527 9.957988628527417 23.56528514024826 16.542131537523915
0.3804367794403 0.11698584457266309 109.85909537123696 0.02437108874700483 1599147682.0 14.243470983259238 11.986426848341468 12.732743176009965 9.112057351625507 17.765835734251787 21.166690899063287
4.110370536546059 -0.4413380454033311 175.13511875673203 0.03845276837903774 1598571682.0 17.754294293911766 14.071885847019393 7.738585640722928 4.526408297903667 30.28340029926791 19.889420445879313
6.1367865950536 1.0570237996660807 255.89822213246492 0.0555027422540206 1600483282.0 16.359209811282675 16.61861471404838 7.15628933817491 1.081725582435051 10.357235038013881 17.888721390220645
4.516849438074613 0.7093776022045717 128.92374483821578 0.02851301504025947 1597513282.0 11.105846015372482 12.031797149603305 17.63357191217065 4.19064990639061 27.775206936300425 21.25662768965929
0.915968428683142 0.183616197397746 142.35678410080172 0.0314167788978575 1599064882.0 10.087225077314232 18.436088705851688 10.757900075461409 6.291556648217332 16.339193881561986 16.033346776382572
6.210980260189997 -0.05259511292634141 220.28038680691608 0.04803215314123619 1600807282.0 16.194935354655 17.039192494659286 6.510443568611192 1.434337363051241 18.52063638608614 17.513398592865126
3.34971863349152 -0.9466352386669047 112.46804394764183 0.02493936045756854 1598650882.0 10.635785058510018 12.428990280401075 16.63401088906945 7.321580931297313 38.53332069540585 21.057440238596012
2.048208246855674 0.01820028884028339 195.72672771111675 0.04283777183308608 1599806482.0 14.90357234407547 17.220797542432923 8.693951149379401 2.088874891783043 16.940312665025647 17.380007293335876
4.056975343395867 0.28736344483722726 104.65804775400656 0.02323682812370922 1598938882.0 6.382761557613767 17.435158230220164 12.490998865983988 10.089041601658943 23.55029371087567 17.27869955208928
5.228628197423679 -0.8595154219104589 174.2843683067916 0.03827102877577031 1600587682.0 13.695577513527367 15.102094868179778 13.284334171618461 3.49236481767529 16.35741665904985 19.396880930500206
5.899150549417229 -0.27799781850829497 173.2642080734297 0.03805303922236868 1599651682.0 16.099542872106618 14.07858846176118 11.447752073483617 4.337566798883542 4.201387820306886 20.225251394272565
2.711931165327628 0.645844141369486 123.72825492080496 0.02738669539805082 1597736482.0 15.837909741240626 11.756227260832194 13.629758525772328 5.88732529474748 40.41121709173621 21.708760940429595
0.744539661061481 -0.67252453498691 151.4294554969955 0.03337123900392917 1599453682.0 9.124264376068757 20.26452691936512 7.675514612718415 7.629078723256348 18.48153788658634 14.155160442047062
2.50201581178986 1.1752807044271425 152.40401373792164 0.03358086147936612 1599972082.0 12.981840871262177 16.276707937934003 11.915861541224615 5.976364978456086 24.09995022822266 18.60733422691508
1.094799350259927 0.12066841380347532 107.6657083245272 0.02389297427300651 1599936082.0 20.330851276659036 1.576241689326381 10.06265266092055 9.744207601239529 22.11129377791323 24.68906790431777
5.952835999829929 -0.5474197208745898 184.808262970796 0.04051599235220641 1599478882.0 15.582438959052721 14.663626501569876 12.115083751179066 3.483824517308892 9.420519621840702 20.04307090937139
1.346860646950371 0.6366135726837666 227.03658449965008 0.04945502565315742 1597657282.0 18.207550290469854 14.49102387629948 8.404718240575937 2.189098337798525 9.59739089424792 20.172910742280376
0.97100107275006 0.37775866346461595 180.28431681128038 0.03955179733271769 1597732882.0 17.042807268862106 13.796097373688688 11.166957622384025 4.069388126604927 3.050035818682051 20.77782813165642
1.443691904260035 -0.5767021829264479 143.89003105471724 0.03174745926226476 1599720082.0 6.586661372180272 21.242754268181578 8.370180429263394 7.660649447293205 18.826239642961255 13.119816248885094
0.91634707058167 0.20173438914003655 184.75427877944784 0.0405044953229162 1597509682.0 13.122868873759968 19.389847748740642 7.83680063522265 3.72911531734528 15.814980324196382 15.733131688388792
2.09178263555511 -0.4790376875602127 155.3180391461697 0.03420728793771383 1600785682.0 17.83204031009687 13.801246821720115 9.710822992483164 4.644633225997807 33.810463722791894 20.829170953648205
1.098530525333161 1.0595145181129955 192.05124841134287 0.04205702724733933 1597696882.0 14.119816646825122 18.556440288970805 6.863096001293411 5.815146260544844 14.510192478683505 16.741781114757714
3.163852247930084 -0.6994142536245254 142.42710324493856 0.0314319474937583 1599262882.0 12.640007220529037 13.691691086471772 16.22117342146416 3.923235748744048 22.68567506062964 20.935329671263
3.666872335309252 0.06184585794321171 175.0618659237577 0.03843712168440761 1598625682.0 14.43675982365449 17.189083421665558 10.492187590464615 3.499294963053527 14.059749643366063 18.186563718246386
1.861747449748411 0.7950193338097757 167.68859018944553 0.03686043008473679 1600386082.0 16.4857931157414 16.4039460920227 6.455081340442369 6.708039853831568 25.723530290023838 18.932703146865915
3.296006423713415 0.5646383315712853 132.03188610657776 0.02918595453494433 1598960482.0 13.511680956583591 12.477410634110155 16.70641075092453 3.213791642733554 28.197064154319456 21.725518156628954
5.566091008985216 -0.18893366670288145 173.08046468863253 0.03801376387651104 1599568882.0 21.2300906095625 9.897434463987326 7.468682255136076 4.861916009113377 12.91095834573263 23.024686516825614
