1.702665616136213 0.98498848893127522 153.43756676767495 0.03380310515269087 1598852482  6.911711477685919 11.093483761822128 14.479479488507330 4.417494854256510 20.00016811354529
5.916673256237110 -0.45933195366561819 159.06754703024737 0.03501249066265059 1597376482  13.859658854527465 11.550872515890442 4.310290397231212 7.531042222709679 20.02018980207066
4.158544599418461 0.18763874786676465 197.34342120518070 0.04318092983643586 1599241282  13.485654308933968 10.724384801477784 9.301690735235276 4.189025795218972 20.02360330103473
4.709171901213785 -0.99723548432377029 352.75729260656561 0.07545320173657684 1599392482  13.761672258310144 13.895508615839972 4.271554980548530 0.496719910696719 20.02402795791989
0.590385049221915 -0.06698307475747227 190.11694856160597 0.04164579793021467 1599500482  17.480467928772420 6.048744474843430 5.867600071587196 4.951819395382439 20.02756387220787
2.716092710998113 -0.16753418757908914 128.91952600519971 0.02851210109394343 1597671682  10.224543085587666 10.983514142775476 10.622158556851003 7.946144364893098 20.02873752656899
4.361522412585841 0.99547004398843031 210.93073457105825 0.04605856046530186 1597344082  10.663366414477039 12.707159486834808 10.831080675571359 2.948311308501685 20.02958146556805
1.034803904286021 0.24541282701014625 180.67941202136794 0.03963606640063096 1597268482  16.867964350153695 8.650430440874130 2.148039138667340 6.175245856966353 20.05257842936126
4.600381006068496 -0.15235451484499074 150.76469859246924 0.03322821897936309 1599849682  8.761462942255472 13.600273314560248 10.007081939107310 6.371422509824794 20.06158968910403
5.111842988637019 0.51960344710836670 363.24258742325287 0.07758244952284590 1598676082  13.717848157427831 14.450677602245706 1.792341408727622 1.756041390130937 20.08227104496861
3.983457308893299 -0.56908017692197166 298.72152635593744 0.06438725966221980 1597394482  15.343754863233189 11.507615253293764 5.743414386049387 1.576371949386442 20.08302216932309
4.509535642797205 0.65447345715944938 221.43007687627869 0.04827447389146348 1599673282  11.941235521933569 11.950830332107344 10.493396885413146 2.795619310664053 20.08338410084469
0.102481855473136 0.54703406115238873 299.25791414872924 0.06449786914288884 1599907282  11.594605886175932 16.051285256036955 2.175271059523521 2.581306547176048 20.08665207791755
2.707096996682523 -0.23159054675397031 316.75718891704105 0.06809834036169730 1599291682  13.694965757062498 14.204198231295848 3.381870680175316 1.654659443460393 20.08696795567526
4.068048593918617 -0.47547848136282089 232.68197359555037 0.05064183508033272 1599712882  13.171897713135040 11.616421396917774 9.303097945885126 2.949958266211766 20.09203873675303
4.329297040328493 -1.32158747087538564 212.69309476913952 0.04643097744642170 1598067682  10.705745664311346 13.801595693865277 9.256562189577419 3.631472515940625 20.09896937978135
4.463052342155624 -0.26168484276098569 210.01834319606780 0.04586568335754344 1600580482  13.420126641952542 11.154681121551635 9.264261260080826 3.716885708487414 20.10394205310335
6.010143864246416 0.34090233989695007 194.27036517637418 0.04252850957745949 1597444882  12.951670611003104 11.453739879666804 10.267657967076062 0.830157703602941 20.12580161853692
2.912207130222025 -1.41338445541566715 249.97940973110866 0.05426648583205675 1600098082  11.627819144121865 14.565457248247780 6.723562986882198 3.559572448145291 20.13046393283344
2.586256547345148 -0.02108429125680597 179.64634852020430 0.03941572635064911 1597365682  11.575992235779216 12.493188000436469 9.625605419554544 4.761156302240622 20.13465250965097
3.578874187339022 1.07795821826840132 218.50115827465427 0.04765698863762194 1598427682  11.926580659860637 13.914416981199846 6.782509258925734 4.899105724934149 20.14591757439607
1.129871327371424 -0.35508652538685975 284.00466875445312 0.06134567978493600 1599424882  16.303506798791368 10.537277467931833 4.875961171631212 2.300465926711984 20.14710131015473
0.590769464584832 0.78068729202671905 265.61319766042220 0.05752745439256695 1597902082  13.470548146082768 12.418210178343772 8.153039351876531 1.997919051111738 20.15270062789346
1.243962619655994 -0.19162330933658370 340.49581859495004 0.07295593914129049 1597455682  14.901703893014872 12.957909202241211 3.538466402545112 1.984923922336996 20.16008078525551
4.321214808440163 -0.75719049290201002 207.39076968313535 0.04530993899956719 1598740882  13.549470972658662 12.930242089311395 5.274126267985130 5.316138999505750 20.17069820010791
0.928787630016942 0.17583719128096595 215.33799748628110 0.04698953975683001 1598503282  12.064532223368657 12.934450031930393 9.208871171033891 3.049315209619022 20.17311495256788
5.180938277709060 -0.06683328834987812 303.85612533422056 0.06544557983692351 1599486082  15.935136510435775 11.623296068755128 3.300720017708449 2.735782853308628 20.18437136905483
1.564777404738240 0.30679581274356227 198.64405082524632 0.04345687873473266 1598244082  13.509500529724978 11.541544741810098 9.553960649562212 0.727867082185630 20.18716954336482
2.300219389834304 0.97483273254117442 337.27627201112472 0.07229891347305659 1600778482  13.969376169503990 13.703904143455928 4.949928923518441 0.338200671801260 20.18803198383700
2.982234880619435 -0.23179473111938320 303.65715914016448 0.06540459760067731 1598074882  16.237925745777027 11.136859724292663 3.741050669885461 2.426820102333278 20.18872935495644
2.812387780974562 0.66761731347707032 253.55356743748442 0.05501325378399300 1599482482  13.561361521404534 12.015137997114124 8.588418273375311 2.374363073634244 20.19090378977157
5.831764821578468 0.01003404503213561 230.77534973888288 0.05024122465322178 1598308882  11.851473954071416 14.321742587097679 7.573880371779447 2.246238250898386 20.19848993813511
2.677593713065226 -0.97909825636011194 200.77890715861946 0.04390959886024565 1597794082  10.406742293474085 12.641274424976320 11.423756175830645 3.135432690365272 20.20978098770451
1.221678824651015 -0.02449335710075082 291.70338166426603 0.06293829278456622 1600767682  15.911620390261543 11.671378915995614 3.206978231415597 2.996297007438105 20.21542120209445
1.198608667567594 -0.03623183056031171 243.08145514044332 0.05282314709282099 1600267282  12.787309142388930 14.004018405428891 6.942826512381187 1.244578266595116 20.23313178045650
1.225566711252548 0.76741107989989865 268.86158310472479 0.05820326134816762 1597858882  10.163402044054399 16.791313584305296 3.367849316823061 3.609934319284283 20.23899670946998
4.756619898531738 -0.38710064772295916 345.74083904421803 0.07402515765745275 1599997282  15.540934431453415 12.329928349332858 3.664753915876915 1.714841336082561 20.24645347151666
3.919962160099462 -0.11135558343649402 135.42348752440660 0.02991953823478977 1599759682  16.972454950218694 0.414914263191063 7.878810334509939 7.757145890754474 20.26043794049458
1.101453367784427 0.75837934569280729 238.23812436780892 0.05180805275381745 1600576882  12.606296296984691 12.375841828356812 9.593232030493184 2.530835005467630 20.26117947957761
2.928609373650158 0.29427338461117292 233.08752759688926 0.05072702402929027 1600609282  16.567616078714394 9.160334566292965 6.439079703648130 3.289950461704815 20.26531898018145
0.580247609946303 1.20111247956112943 260.84159878822572 0.05653367881832174 1597945282  11.518785916118121 15.287594045139365 5.343459690488343 3.970951161685038 20.26607942505662
3.846445867013301 0.46368404974749533 135.02415049365857 0.02983319903012435 1597560082  8.783916505561516 14.116264859965311 7.678143669010454 8.690401698865264 20.27074479793412
0.271070389075087 0.15608006695990576 333.16423864231700 0.07145892118729602 1599036082  15.065232871348897 12.902455844910129 3.656806996632206 2.067819903521203 20.27517508831535
1.588610161667752 0.91864109833388341 150.82155363095666 0.03324045323165732 1598506882  7.178174196292534 10.811687431961969 14.976695771985000 4.293259250179788 20.27688982942433
3.687202328937799 -0.07117214271341227 175.35746298744237 0.03850026077133766 1600742482  12.911260615934371 11.135587376251683 9.784493511468554 4.997080003049248 20.28322160652885
3.778794803311170 -0.72695213143576276 214.88220806008783 0.04689332819353854 1600612882  8.143936574934154 17.022406012843753 5.403421085295364 5.149105812869938 20.29276372256364
4.240957022768076 -0.62705035211244520 359.68705832972245 0.07686108111418968 1599828082  13.552911657506977 14.950073108240284 1.200153039753488 1.814726895109889 20.29580501878609
3.710757376269064 -0.12929687526428693 328.16305612004464 0.07043609371852373 1597401682  15.326315004367494 12.625532621297413 3.654408224330461 2.218037115525549 20.31192737532429
2.853174130344024 -0.53849568470887965 160.55100783775379 0.03533081918695712 1600375282  11.272477080128697 9.818431528336058 13.545778077901684 2.414311157093222 20.31716858466447
5.277219963502768 0.48864553880868722 180.68563015124849 0.03963739237510203 1598643682  11.729671435584731 11.074327870721650 12.181056417294469 2.148987225628067 20.32786784963534
5.699731641027427 -0.79019233142503753 299.75784974163918 0.06460096175059329 1600803682  11.388500021346749 16.472126563333433 2.075488371165237 2.931859873796302 20.34532724123917
1.709184699509432 0.06682683706851208 259.92370929471974 0.05634235504353013 1598463682  13.032861463415708 14.497580405533609 5.672047341188246 1.364322057516394 20.34868082350315
2.433503590860395 -0.46740360123245728 136.83215287248876 0.03022399177669573 1599133282  5.352546545714182 15.657937169300814 8.366154327599533 8.399784216275854 20.35607192056017
6.091875438665054 0.65149007609701248 266.20679256058997 0.05765099317265036 1598269282  10.293492383114327 16.922144123180946 3.245810488316429 3.429640233989513 20.36203980517681
0.438656202587340 -0.57879720093117348 176.95679530795550 0.03884178378143972 1597574482  14.074858968409544 11.071220360660901 8.617081970952956 4.441963520510546 20.36317059955546
5.221522485264845 0.32686157481622952 236.82187203207835 0.05151097192227151 1597423282  15.158599619166077 12.033654244275219 5.405694112354073 3.352536226570331 20.37284969933639
4.578911552296876 0.45756952753829228 255.63441452114836 0.05544768304340029 1600717282  15.704446853984031 10.703452538041045 6.910902803077718 2.522963057560463 20.37938829717684
2.877453998702319 0.18034923925233592 121.05289293353431 0.02680599834198865 1600044082  11.283482901670256 9.910245252144659 10.750873734156585 8.631063770110122 20.38642919202444
6.130724024622350 -0.82557531552579633 208.67612084822994 0.04558184841523321 1597725682  12.361632374433652 14.272336523071003 5.124129892473598 5.743246299355024 20.38997621377792
2.474937198003466 -0.84242440836199772 139.94301048394462 0.03089588825727216 1600360882  10.880937002362158 10.172920955988227 12.602756869033291 5.932779595710439 20.39388303529767
5.867529737572246 0.57962208153384143 158.96908806329679 0.03499135838035448 1597588882  10.402969781583444 14.604180955317327 6.156596308668145 7.595336349423650 20.42294528271997
4.423931391270820 0.31661267481927985 215.07684680455810 0.04693441404767732 1600195282  15.250562381538041 10.042115970883223 8.401392611360409 3.640908680226185 20.42702523506100
2.576182157503368 1.14541044914145984 236.35159661631567 0.05141227932405371 1599442882  11.802733644907143 14.851663190987804 6.065846545186641 4.559959451109691 20.43193934839966
5.791254484603487 -0.49081411041278156 200.01188758399726 0.04374697500694162 1598265682  11.918216586512225 11.920257675758057 11.297630029456929 2.520412300266510 20.44811365640620
0.106045448549827 0.74698411378438767 351.66073126841724 0.07523021989351235 1598424082  14.901037145192292 13.345644857035248 4.216158543848684 0.557909062105093 20.45077993722878
1.626136141167468 -0.65685018084616831 188.25935409528546 0.04125067037115696 1598467282  11.049022031086908 11.602991536374482 12.371722025577768 2.996255522732814 20.46331726461511
5.614056964240790 -0.31573689040133818 266.59334660414618 0.05773144267611435 1599399682  16.758655487415748 10.266696120831950 5.066796782866287 2.626078714839900 20.46524620029760
3.448296944257913 0.44491231446252155 164.44748090656458 0.03616625038170398 1597236082  12.883930039383950 9.992010820164625 12.249091473255989 1.750774798994557 20.46805774388508
0.745835566216114 0.79336046126976967 200.52662147172722 0.04385612122970016 1599586882  10.880931618941325 15.294241205122699 5.533552644955043 6.017402655428395 20.47285584691583
0.394707094945243 -1.30361400905462088 270.16631533828667 0.05847452048379102 1600137682  11.857594392267936 15.421174362600782 5.333444080635178 3.533787203407830 20.47799895628259
6.256558471151152 -1.08882581320472327 233.26548682885795 0.05076440538880998 1598708482  11.836856416519321 13.582386429771786 9.418294940777384 2.484701729190759 20.48097686213868
1.776143757679303 -0.78238419240616119 363.67467843947946 0.07767008323087822 1598758882  13.692075419525601 15.063335834003022 1.557662588012396 1.648414312753348 20.48220198676207
5.214524595169492 0.29763173298005952 191.32185552125054 0.04190198544416296 1597743682  8.055367890716486 16.695861716068006 7.392282812015671 4.636958500546653 20.48872811097521
2.183461007187649 -0.15343110843595403 257.08078604327090 0.05574948265597809 1599784882  17.146379254452491 9.978848743898448 3.990737851600990 3.230120337232754 20.49232563142426
1.534083887648430 -0.32764143102779647 199.70753745855586 0.04368243504304400 1597477282  8.324583909332134 16.866382972756824 6.855469600694315 4.401991545028646 20.49752582278555
5.625315930257984 -0.93987869588836181 280.34571459846518 0.06058758798467406 1597704082  11.008141409808051 16.589282096973260 3.430699377269432 3.493514400305578 20.50262907223431
5.411709743852511 -0.01526951193433760 188.95844093256443 0.04139939104096096 1597790482  11.040787017341691 14.025577457222358 9.213117002302294 4.212790097725001 20.52425214901742
2.400175069582843 -0.53129845466686099 296.66080994944633 0.06396209154756614 1600756882  12.057129655855293 16.279292581062304 2.120769870499017 2.532148752378611 20.52557391708510
1.538844643247590 0.64063898570310884 240.73715696605834 0.05233198391913495 1597912882  13.474128895807958 12.175089047288566 9.204380788332131 2.607742730580352 20.52573727435303
1.989081195784954 1.16446086583508057 332.53708608143455 0.07133074279696405 1598452882  13.488831062112144 14.822943386438311 4.339243723632889 1.194641778031970 20.54079889222091
5.558494889792801 0.96627922748324424 255.74945188958705 0.05547169741399633 1598917282  12.938794803130271 13.335364101647391 8.529317899476517 1.984390931471699 20.54096925367093
4.121374793306547 0.43626319705773281 172.38736299402640 0.03786561264483419 1599136882  14.211020690218923 10.313243613297690 10.306601427248813 2.800430541051334 20.55199618237791
0.524668595254705 -0.97763600761796643 199.12603363921042 0.04355912234372292 1599723682  12.493340522812128 13.597501724526646 7.296371612099930 5.310743728145694 20.55277714118803
4.418248527537566 -0.18744297205171220 290.30390398883986 0.06264905400093299 1599316882  13.672229297035946 14.731586213055660 4.033020886625745 1.594200370656311 20.56103641836130
1.719912835069233 -0.07587772990644652 296.44934816303925 0.06391845775386988 1597466482  14.669022383306194 13.610371995389293 4.428519178436162 1.726564404432571 20.56733454512873
5.670697317698517 0.98638317808412468 286.77350839988480 0.06191883813809272 1599039682  11.352008350540514 16.504942266281354 3.348287575702018 3.339243050709851 20.58258454726560
4.973437890578403 -0.36485246356271323 157.38952910303857 0.03465225559486942 1599518482  16.011014244716446 10.087593707730571 3.357895279641113 7.426838291572131 20.60450221856758
3.404625870504208 0.77294628411659849 196.55118436120091 0.04301279470461237 1599190882  9.979789060889946 15.959446704816243 5.796509399852912 6.081461188346939 20.61271016221986
6.241578014427947 -0.46818060276770329 149.01839982779009 0.03285237639631823 1597804882  2.235819057077046 17.203334753579700 8.330652513195453 7.395716116340613 20.61674081102107
4.042833191083761 -0.71522775444181230 190.49364443624398 0.04172590051503861 1598481682  13.963702625208882 12.578094096607902 6.682533923072289 5.229694348537012 20.62036383579397
2.793177093912134 0.98206067054092205 256.15488345236128 0.05555629430026476 1599435682  10.750508181637315 16.490050653762971 4.555262838546869 4.176538242993544 20.63223419677455
3.331366348101837 -1.10057319065361114 287.51304501669256 0.06207185183963149 1598103682  11.686251235882043 16.244667920092095 3.830602645696982 3.310909273361773 20.64202850080092
3.951655886485895 -0.56542683125337756 180.71032006943196 0.03964265649423096 1597966882  14.426956339505567 11.462439023662144 8.171042211669810 4.450436280495765 20.64211451147424
4.880742993411443 -0.37560143496382309 153.20613354698040 0.03375335188249589 1598388082  3.359217176809309 17.147199320914289 8.707884178937691 6.731886153146203 20.65081893399991
3.507798207982131 -0.14373740916904809 218.12311678409520 0.04757725788400348 1597459282  12.349845047912471 13.761413388012178 8.893485231480719 2.371066154911221 20.65456863303468
2.397088831088773 0.31564123519597637 266.02984164485116 0.05761416620486672 1599853282  12.037600810839537 16.097520387880927 4.137741548050485 2.404891321616856 20.66248782955765
5.829244516697314 0.07434931752331676 286.55752211463516 0.06187414953142128 1597516882  15.676935395100243 12.517736219413358 4.122625102843504 2.737560745903070 20.66277570940228
1.174217205335783 0.99535849145225785 312.20661648130664 0.06716368056836242 1599468082  14.125688816111957 13.900272279253594 5.810620892933534 0.679120999311926 20.66342600974288
0.891010451656229 -0.79968354831309196 123.07558084775710 0.02724507690886259 1598107282  5.356629804519131 7.421015092159817 17.883120574656559 4.853273844884211 20.66700791991595
0.352844565550894 -0.22972468813208721 203.72637638083575 0.04453417599513838 1600522882  13.165598003936211 12.106371203316035 9.665407222228772 3.719735094032809 20.66769751218119
4.765764825490534 -0.30562253542720574 169.63090138697157 0.03727611004403133 1598827282  16.900353279602598 9.550774874291649 2.252728275365274 6.733769836192858 20.67021244603514
5.779316293165099 0.40520479040152180 210.09929669353008 0.04588280078223433 1598654482  12.432351548496511 12.469189247143683 10.512423092025513 2.596265069199828 20.67113149011891
2.715755827315357 0.52925862137683577 327.23676571232676 0.07024653005754354 1600526482  15.863774539419721 12.422859083449108 4.444356785162086 1.328500300530276 20.67616963383452
1.257709485246657 0.24840005856529185 212.00787575435015 0.04628621212114030 1597646482  12.613087297974733 12.851047547300254 9.689241447823244 3.083912790265787 20.67924834662721
1.071137665851898 -0.14236943871609659 248.00376039203337 0.05385337953790823 1599964882  12.329924123299184 15.431216197747514 5.781703752951111 2.064578406589763 20.68429463413694
2.301553066458498 0.68867585518203001 204.84574291436431 0.04477124060519258 1599788482  14.234246989273332 13.252754819449176 4.266803271951552 5.604533287688017 20.68491482192783
4.058860874371709 0.97666163480920887 162.32874368506540 0.03571209640884923 1599648082  11.344361729039040 12.462306736817434 10.545359547600709 5.719764781434230 20.68632276130583
2.036727210827214 0.98144717994454977 231.26365374384849 0.05034384280654951 1598913682  11.129110285262128 15.822298858620782 5.426389037484516 4.958456740678467 20.69382101373141
3.709338882490758 0.08860739874339513 313.08724220444611 0.06734464619741491 1598305282  15.831218078092631 12.579892235139987 3.681443682208016 2.450298043081758 20.69874736714910
4.900359715325357 0.71758574775707773 367.36138638889747 0.07841729886095047 1600479682  14.305001332487395 14.728800164942097 2.200749598463262 1.463140087731394 20.70156262538476
4.734783124628808 -0.58027766333940911 208.33826859306589 0.04551038038587725 1600126882  14.909344269475374 12.644602248565086 4.703077190497482 4.957482549945757 20.70917866220072
0.335610847998316 0.55187513208164085 160.99613633508312 0.03542630495811620 1600702882  12.803530028259035 13.511126869138854 5.061155590380166 7.536645626248200 20.70983470876045
3.150416225955511 0.14515038733338509 123.73653418529688 0.02738849184895542 1599619282  16.387572438718493 2.800345728764953 8.896291208125126 8.586225331893404 20.71863241974891
0.177435722368301 0.79880114812390446 120.69706190265629 0.02672872933106817 1599691282  5.068667664963971 7.036285241064934 18.151734904891335 4.959537692226431 20.71915046688799
5.917781019102325 0.87809079685646518 357.75579050968503 0.07646896145735474 1598254882  13.800171948904204 15.255737023768701 2.007173939710560 1.559258224078053 20.72781443836561
4.854743419576367 -0.28145908299911360 183.05894297214996 0.04014331557290551 1600022482  7.940229797040710 16.777783296782776 7.847340859855509 4.895389833802530 20.73853567104657
4.450926570060089 -1.34030394464818658 298.83015897718855 0.06440966098824132 1598182882  13.038351976708876 15.081532075793563 5.436054362950198 1.829885148550821 20.74488849609887
3.100220512846515 -0.47559414487924528 169.67239878366678 0.03728498951861533 1599086482  12.175570515943836 10.857142585940347 12.665344093474413 1.974149960844135 20.74681352868841
5.707947036153620 -0.28679176531149059 204.76617512562910 0.04475439512696634 1599565282  14.797283962569681 10.666436925102277 9.122982052258701 3.880305798089170 20.76097454260339
2.639801093270242 -0.40850523445739628 176.42693462446604 0.03872864711293651 1599079282  12.885877887506522 11.222771650429261 11.715800475571784 1.389082542895318 20.76501826495207
2.961373310526687 0.80421596870905587 290.71999978724710 0.06273505111594203 1597707682  11.523789370104520 16.850961387428594 2.285203104501372 3.065584175568812 20.76951084386592
3.700880899722887 -0.50834795335464555 181.35408809438974 0.03977991379697240 1597632082  11.849924924045290 11.541089389628540 12.328468229501034 2.406011146242636 20.77011033977832
2.091238566009350 -0.39500329682532176 214.60186340046261 0.04683412849853661 1597873282  12.773759869170242 12.482677099966216 10.197053391596109 2.914423312117049 20.77161356010934
2.333356387121152 -1.21361280567474550 276.32100528579656 0.05975284238049262 1600040482  13.087209446533160 14.461554368229011 6.951985741927809 1.686169011402161 20.77462099614939
2.482387697082645 0.11786061757502182 128.86611645128647 0.02850053072250318 1599007282  17.073800207534628 1.345149359350095 8.481756298802193 8.157664771607731 20.78008096143925
5.519505422749361 -0.72518783840754586 227.06391298706887 0.04946077661413607 1598870482  12.823447072664413 12.597571255005384 10.111767080665947 2.705888614393300 20.80166491023029
1.182140929521224 -1.37214353185606619 218.40306009041544 0.04763629926263720 1599662482  11.483023107768473 14.524021385736164 8.826510180348800 3.489809042703171 20.80608242858804
0.837067234901726 -0.44790075908076771 244.09273420310743 0.05303492256365044 1598154082  10.474398675138534 17.115007686586033 4.367246585382887 3.356235574525149 20.80801950419332
1.187248102306544 -0.20340508689003639 299.54252610555602 0.06455655948066286 1599615682  14.206871037448321 14.672754845153580 3.743389502226798 1.669199437165572 20.83084518561552
4.067530778569177 -1.01393332869609276 321.16602124150296 0.06900281532936850 1599226882  12.690831856438823 16.195073040604150 2.226079033165290 2.400986936502336 20.83405313735325
5.547288690564301 -0.24727721171716746 333.25943144053605 0.07147837683558317 1598287282  15.809831771123021 12.927082238977404 3.575395662693585 2.080476371676402 20.83679610502555
3.788112237472056 -0.93414354112751052 226.26095270377931 0.04929180300114968 1599410482  10.775051947761005 16.223045140814484 5.409981755188002 5.087501263546266 20.84321255986957
2.947857636041630 -0.08146303400055305 305.52855044284883 0.06578999256614762 1600065682  15.266674001616828 13.426458748914598 4.191529657272391 2.053055432709988 20.85965213241876
2.609829717644656 0.38741711381685434 183.32568210422636 0.04020015533103491 1597635682  16.356713173915658 11.219831992172217 1.353538902166253 6.323479177745687 20.86252986234838
5.899651506369434 -0.44597710759287035 203.11659962322094 0.04440501488398973 1599043282  12.395861494622556 12.413256072804190 11.004812640163630 2.568893578124070 20.86747287008440
1.778217018751812 0.62367604634312357 283.66669181412783 0.06127567427320739 1599414082  11.662377581450851 16.919982622051464 2.265970491234428 2.917491203382286 20.87925381740950
4.813474452118434 0.44269966005797895 221.31442085804255 0.04825010288503517 1598190082  15.568469805808132 12.477834854599127 4.315715315938541 4.397845858024754 20.88157229789415
5.104626834855596 0.77149625886215045 176.81152333534669 0.03881076508629969 1598816482  10.462564866320134 11.864093487480680 13.216824929373985 3.375344397661624 20.88778085097087
3.364253347436846 -0.04911277701154599 201.05220782668567 0.04396753108911967 1600216882  11.838277756572241 14.185280184975550 9.115609409091972 3.493967517384179 20.89662982587563
5.309207988714597 -0.31771863354768021 113.84106619166184 0.02523823711317513 1600551682  8.187674252989570 13.026647990924531 10.306396757643279 9.729252682489099 20.91917157628876
2.315824535579208 1.27678687775010924 309.49122140695863 0.06660543262158135 1599327682  13.027076792045012 15.694899557906405 4.140014389973703 2.133485892372489 20.92190438465749
0.280048549682362 0.97298098063821292 207.32174578810148 0.04529533184823678 1597434082  12.785466037954601 14.293572214034043 6.449151892553926 5.362018033495112 20.93124807483431
3.308194798651286 0.76926830652015166 292.41758972237824 0.06308589178693097 1597884082  11.799917310229789 16.930072489253416 1.994230833718095 2.958878128831442 20.94271518736444
5.555509757473188 0.97843481909013896 347.54142219377775 0.07439187051679308 1599536482  14.326129794231701 14.833549267225756 3.686437443305151 0.854844503794891 20.96646748723918
4.205865463726990 0.72195100883787933 354.14195654333668 0.07573474582724589 1600558882  14.070135589720941 15.393360734453813 1.449413765068886 1.743626786603549 20.97773354887245
5.825458007370786 -0.93078450429327630 334.03038320875737 0.07163594512572159 1597956082  13.254650844792613 16.074922636969877 1.595274355294387 2.085787648207102 20.99962659629931
2.711780981450268 0.37850060112842265 263.27232321742656 0.05704009687016751 1600202482  11.975812590584713 16.634138654934443 3.818777142071950 2.639560168337521 21.01582719617472
4.376128175292076 0.67815495691804406 193.21027216217919 0.04230331558516664 1597315282  14.015602877509696 13.793671204026465 4.161087877474349 6.210848767750296 21.03786548214377
1.707656615643685 -0.31226104998969878 121.01222523358271 0.02679716731636416 1597920082  14.939317363321768 8.791257756073435 7.361635479413735 9.442843147305396 21.06728221323634
6.025326163855628 1.11423031712425402 214.96465248363955 0.04691073120119676 1599752482  12.371859407703033 14.792142382626874 6.897785195135744 4.966836823618274 21.07413794447025
2.439969245882805 -0.94715123473238161 272.85121975813780 0.05903243006756502 1597488082  11.349613299146265 17.036353297279121 3.537691580076286 3.582899887858923 21.08087970251794
3.257884650316752 0.40678588468395044 178.08627985780308 0.03908286733530806 1598751682  6.436602052298070 17.867508507584535 7.381799721656986 5.468975877836198 21.09688058769028
0.779523623526193 1.27877840191021752 189.04057519290620 0.04141686323230880 1599694882  10.898480136027214 14.258230840489198 10.215014299227786 4.395884389816342 21.11265811493466
3.880718280419711 0.22611328309056411 212.12446765667354 0.04631084433989186 1597239682  14.832725037441859 12.600174685529284 8.089549270079297 1.293855273420261 21.11608398836786
1.874163127838285 0.14039053843926935 294.85321942148835 0.06358894459347862 1597254082  14.817476008940533 14.360260517932248 4.156269994371209 1.709651875691193 21.11805311151047
1.862687801096024 -0.35066111400459443 343.06376399623298 0.07347960597012686 1599874882  15.717599813622707 13.561493183173209 3.434529061404467 1.853565560194213 21.12318007351204
5.997836346031725 -0.84530861896467036 115.61255879656095 0.02562366781927533 1599205282  8.420298411966174 7.785329309239349 16.513453079289011 6.492541329034630 21.12723368808524
6.136784739475465 0.42510489709549493 222.90117279889998 0.04858442097006566 1597977682  15.100760370757000 11.386739539500962 8.857847385506151 3.226242210835903 21.13198760702261
2.181732538032001 -0.78061750549467257 292.35567771523938 0.06307310317852402 1597282882  15.165558084576757 13.200538136441226 6.447866237850477 1.096660705538389 21.14298944881245
5.046636113589124 -0.68992467015954329 298.84646338781471 0.06441302314975247 1600339282  15.673758066874338 12.874941619030823 5.897067600904891 1.106738247513164 21.15256697118605
4.029116835356120 0.90172242258783386 277.15363360833123 0.05992558433119080 1597866082  14.372784076586040 13.631732973674630 7.316528648717744 1.368192857067521 21.16139430990717
0.945776906027456 -0.97762768343132656 332.31416105828345 0.07128518104307117 1598146882  13.454185393655671 16.113842104671683 1.986509012214881 2.009046038021298 21.18144225541895
4.558906438841742 0.58041644680155469 157.38645748966727 0.03465159590135558 1598946082  6.121532012235076 17.385704714412956 7.434351823587220 7.325682658841052 21.18185771004278
5.190373340187619 -0.97584307748135879 210.63564495939357 0.04599619079452570 1598920882  12.731658907854962 14.838091376576934 6.113165865595811 5.408827919248075 21.18703166104050
3.512594694047023 0.02240816891969324 151.00214925295757 0.03327931438559502 1597599682  17.769461815327571 4.667201181320851 8.379561707531332 6.434643764799262 21.19335355396835
4.765033615061878 -0.36823112692509707 157.01761655802201 0.03457237956100480 1597275682  16.553815797964152 10.550485780645273 3.074336194778747 7.437830314616272 21.21590041709465
1.034888248819539 -1.13774373892971914 205.15720864565213 0.04483718172631749 1599298882  12.326701195149163 14.635859525967891 7.692773299765749 5.012022863174550 21.22392707867538
2.473644231124249 0.06612536293804719 273.07535992466376 0.05907898087170361 1599748882  17.146237234570723 11.656071202242236 3.340518126392693 3.137912865473353 21.23353493132930
0.612355696143872 0.47432807805935484 173.83751161692740 0.03817554667125449 1598838082  12.372737375289697 11.629527609164803 12.571997165607860 2.143414901022698 21.23628693392974
0.015261942261171 0.78870982577101090 335.78892336201199 0.07199518026779628 1600490482  15.363509555612438 13.980969265190740 4.495697597104431 0.422581220593555 21.25781736755238
1.636687419178560 0.12821407723926145 236.95138507364680 0.05153814215880749 1599176482  17.350628663937890 11.332318571807200 2.261007867164183 4.186846275334434 21.26282195653836
0.186029450806726 0.66258037778915957 224.59871893964453 0.04894191353069537 1598535682  9.207934005461913 18.032122634888349 4.736468888830550 4.474396210888256 21.26964631477133
5.274950488429944 -0.76392985959764337 208.07997930074438 0.04545574281444236 1599082882  8.975861768637566 17.664733294401643 5.583835745432638 5.365813368711058 21.27392938767639
0.946493096008966 0.84638767515136759 138.23158517935590 0.03052633082769056 1597808482  7.445928681205007 10.465831062170073 16.380577559003811 4.454672189897633 21.28715338492824
1.321384763356988 1.18567112892058768 288.64871373418907 0.06230677968308617 1600357282  12.512048404676197 16.497836245808791 3.938223900601489 3.030337285698775 21.29371991059447
3.809255901505293 1.36149417875924694 221.63299352336801 0.04831723243516958 1597506082  11.947728914089240 14.922318558729000 8.872215434597813 3.202064672284325 21.31650164206498
2.979258737910237 0.73907911706862006 349.14791336503384 0.07471894290450559 1598215282  14.344152998953472 15.619989538144454 1.590960737018633 1.729602510000086 21.33685729760739
6.154915907055215 -0.52570944274996656 194.73146040591337 0.04262644460810080 1599954082  7.471475839533452 18.306295967582930 6.167188042348761 5.131801774979496 21.33806507349829
1.478155670628856 -0.46742982621944185 306.71068372824169 0.06603334297819412 1600724482  16.623696119725079 12.444614554538822 4.628072095137668 1.645887038844353 21.33878392866918
3.222269596694598 -1.40685877775588652 231.70412496267801 0.05043640879538160 1600299682  12.226601342960990 15.118016066126930 8.268347818665990 3.057467441804179 21.34848643308229
1.181382385757764 -1.19489024021952761 293.05213324413216 0.06321696375490447 1600396882  12.711172677947202 16.481348788106459 3.811970052504061 2.851928074877029 21.35119149249684
3.989179680790035 -1.28179613421326066 251.75386754059838 0.05463732584350899 1597862482  12.301897555221878 16.011978436345871 5.749326193540486 3.894903545862343 21.35287245820761
4.466603344102314 0.23938058576751881 224.17066233422065 0.04885179363988139 1598956882  17.161472810999101 11.708626766896954 1.702748098843153 4.653322210175578 21.35792238231482
0.223008515453385 0.60694944921091332 188.13308457803979 0.04122379911973596 1598042482  15.043821168673961 12.687669945507755 6.656852789787778 4.988128499819569 21.36559474942837
0.959084880733546 -0.08030974342764584 221.24429217021043 0.04823532538596483 1598197282  13.215110765998917 14.628390365673742 8.101768131108230 1.601617453334368 21.37364691776354
4.781324946172248 0.96365528910880571 151.36129668169932 0.03335657698271793 1598982082  8.303169373946444 12.147494484544319 14.890424760960151 4.350728939685149 21.38124963076073
1.919591734820608 0.84505198593257191 335.99607698546748 0.07203749230921289 1598978482  13.794749237608679 16.171071706068897 1.221029054342052 1.979187128169161 21.38239369881645
3.354619229911443 0.36551563405630916 145.85302499930134 0.03217059249554050 1599961282  3.451002396696622 17.657771992051185 9.176833157384946 7.059908948555660 21.39539460785075
5.309779331138528 -0.76192930689572214 180.34895531436371 0.03956558394988507 1597484482  11.168717770913879 12.387641090650586 12.983112299057726 3.326179523860205 21.39669562413770
2.373769736289682 -0.25880409212718380 114.86151354652431 0.02546028798933467 1598614882  7.922406613763862 13.565949054760383 11.193784272174200 9.263046150211247 21.39869927409331
4.626590306726960 -0.19057770944609817 252.82373854253945 0.05486082440806092 1598402482  16.605326371752582 12.526016131512593 3.492354116185583 3.639544715517326 21.40282147401188
4.675189065246185 -1.07009948034676716 230.65716072674775 0.05021638697414153 1598046082  11.934317284663035 16.112588410005412 5.722097071280584 4.827116533389663 21.40296435640001
0.321036385121344 -0.15710220035691785 203.79966663632371 0.04454969883570818 1600519282  12.717584835697298 13.955907121713132 9.626148868097809 3.094389522900117 21.41827014941347
4.099416596594633 0.12613553288877249 295.18357058251581 0.06365714401391091 1598748082  15.291673920110748 14.285274102960269 4.219121103888919 1.856206657579554 21.42780514939937
1.652979436694386 -0.40378204844249910 206.21984967602339 0.04506214356971940 1600710082  13.057983622025098 12.911856112794741 10.668817221526947 2.903996297905046 21.43557370249714
5.271513786431650 -0.69503707000155768 333.48523412268179 0.07152452672978013 1600188082  13.947832597220957 16.142761545502061 0.667918042859823 2.040600134576276 21.44157055572772
2.669435915392089 0.33460299690850831 205.44258797364986 0.04489760003544008 1597412482  15.184693798145258 11.317981456664763 9.366997893807088 3.734448134885421 21.45596379591404
2.142330298684896 0.02774897478891284 277.45675178648605 0.05998847100459526 1600393282  16.748271389587497 12.573565094369231 3.565292088383421 3.080930398781574 21.46631252728892
4.559043848180222 -1.35658843879646818 204.67905561645080 0.04473595085676262 1597293682  11.675859142707312 14.904665428377472 9.363964699579036 3.862918638069967 21.47279007375435
5.175812686136297 -0.63547913920835619 254.61486753889761 0.05523484977535763 1599302482  15.440866204555476 12.512596858451623 7.846332315532943 2.140555299937641 21.47399210875762
0.379083929170217 0.49294565879325358 340.26279211217286 0.07290840214416597 1599464482  16.082682802199031 13.660666257430094 3.712069772370178 1.505779354409704 21.47820574843598
0.406274537576054 -1.10137870739257515 324.66686965010541 0.06972027560554452 1599687682  13.834692234168603 16.081015319949461 3.124413288535760 1.777212077914561 21.51553401851970
2.637362500209916 0.17968318605255010 234.82373989788459 0.05109160400014461 1600321282  15.687770314166780 13.046828991820064 6.454960537929608 2.241892572371730 21.51786425331596
5.457460767799301 -0.78175299781777607 196.70338228741386 0.04304509542198184 1599356482  14.034325236706884 14.344570184097071 5.104253615068215 5.941557304146673 21.54262023945904
5.993089398828714 0.57463010237703604 254.11596625150659 0.05513070274410290 1598784082  11.259887344269695 17.746065959664133 3.335413148625699 3.362857844998440 21.54394842660202
5.988800213611617 0.55755259584425187 170.82479695820606 0.03753149963476599 1600450882  15.038712545407131 11.806919410218232 8.820836829985895 4.564897864146937 21.54557207117283
5.492623590744028 -0.63604106751224410 349.37263710010484 0.07476466926745319 1599234082  15.662503948526350 14.336399304848044 3.457829045651703 1.213418221492425 21.54704946053759
1.355849490002274 -0.11934540736579609 298.82117041733289 0.06440780744132814 1598924482  15.616953808844931 14.107324459759944 4.190335623375660 2.009475951526464 21.55232599783215
0.962560018922059 -1.20650587365324102 177.07374286984984 0.03886674724812254 1600512082  11.176196166224454 14.284930140670747 10.490791748612901 5.049759529825890 21.55280428834275
0.242674021161899 -0.87222885927118354 298.27057090936131 0.06429423160758761 1597797682  12.659052655247464 17.150524977346866 1.809319128497981 2.795820506999237 21.57504042042639
4.532258224166876 -0.66442666141354489 188.48362033468302 0.04129838378397037 1599514882  14.560645120114996 14.028367564076497 4.104998300687607 6.343082057781229 21.58455892222856
4.857420782913676 -0.07709683943845463 241.49864350431696 0.05249156524956680 1599450082  15.202596632351739 13.864895351650022 6.387341026429732 1.352037662460846 21.58657913396247
0.417258491496670 -0.41693775232847863 226.67108474295097 0.04937811049842264 1597772482  16.467264001943995 11.059039089881242 7.943380643502265 3.082812654255899 21.58875075612410
2.218545540325451 0.69986077661664781 171.30639339921018 0.03763448947680319 1599104482  14.506218202910709 12.673475514478850 8.148952229574283 5.417240933964758 21.60553794616232
4.405861062184812 -0.66091932510671014 140.19791440214439 0.03095091572921775 1597898482  10.106710592340674 9.867606661093454 15.975481200513595 3.555496721670913 21.61880701475368
4.314054931377092 0.52167494728175001 225.73645552121025 0.04918142869524155 1598935282  10.017865290803693 18.153090849208354 4.702586235930706 3.979556719062990 21.62969073636759
3.868336863635176 0.24172444303725554 198.71157214328053 0.04347120294777507 1598362882  14.345291207989877 13.174456601386128 9.416985078890740 0.182686755966369 21.63484848596575
3.847994112478098 -0.87608179886186854 233.67699824479118 0.05085083552310429 1597815682  13.605589130360514 13.680836570355732 9.553343934218939 2.348813719119931 21.65780808534351
2.268260538477088 0.10506012780401364 175.91823544133649 0.03862002888055404 1600288882  10.565420900945346 15.785458955715525 9.305610773632797 4.664453887894456 21.66010976886675
2.215426730001520 -0.54557553683673732 147.46673761168313 0.03251824245336978 1597664482  5.352579237446982 17.791802163843773 7.991394452243242 7.758192407143670 21.66218510326487
3.404555629655970 0.33803563284640314 293.41870708718636 0.06329268362811966 1599432082  14.152858775881938 16.014352956914209 2.931511453932582 1.985111768294430 21.66327168956352
1.138136481127634 -1.25133666644405750 305.15534757068650 0.06571316614239335 1599349282  13.829140772883862 15.975513914728049 4.537180395365938 1.762232781889980 21.68302676458176
4.092528369423283 -0.75792282031493541 185.04545623079864 0.04056650747134755 1599601282  14.518969761932533 13.592387389506570 6.615221056192666 5.629534136740680 21.70267914597992
5.618494039770431 -0.63044237021954619 120.26255060098822 0.02663436013475436 1600238482  10.419443705434004 6.468160646933375 17.466123524390433 3.960464016704599 21.70605112594464
3.890130913280809 -0.93081694481884669 338.90601259578932 0.07263158697620743 1598355682  14.439355999382636 15.954087202606104 2.448282516124136 1.550725945258534 21.71236372165233
2.707226113752043 -0.63996364166252584 322.37159211690528 0.06924996626426816 1598071282  16.242662173185753 13.641673279208263 4.606056112036271 0.952684358470012 21.72654332200602
1.401507416132213 -0.85302318882543671 187.93623103278566 0.04118190697329376 1598787682  13.970272875675843 14.075973078610074 6.793038044181254 5.728548181689349 21.73161688577797
3.228302485429264 -0.72379571065458037 158.02006311867447 0.03478763424405262 1600728082  10.495952012491893 11.638155634932415 14.635238827318616 3.573841161807691 21.73877253696554
3.286595000517361 0.19545062781236203 199.28035289007801 0.04359184701852060 1599914482  13.095642330784333 13.773867413890883 10.017451209727884 3.323424289965856 21.73958944740423
5.640127626026520 -0.71710108182701460 258.88889411468637 0.05612660578452681 1599770482  11.405854293422252 17.960261597743422 3.027259812178142 3.524459896973318 21.77729616729216
4.814942500597773 -0.02152426709111490 159.03738949679956 0.03500601794076541 1600764082  19.054342261675853 5.095775937694768 6.933680657239066 6.115599818994323 21.78328212264924
5.857752676672699 -0.42765286228565202 295.96544191099372 0.06381855761781340 1599061282  17.112171158327122 12.531787416324898 4.659130003281433 1.849377516076178 21.79448983537552
1.894850457144906 0.32609584790412693 328.09894386186522 0.07042297418445087 1597250482  15.737838458298592 14.610752854530871 3.283682735223316 1.935025532148792 21.81010211877413
3.158795492206988 -0.49283804473433979 183.11687130139913 0.04015566184122298 1598031682  16.232243194809310 12.902886181737411 2.232617776508808 6.406709634167774 21.81744030418841
1.747072449046030 1.05159527725844848 288.59938484701570 0.06229657892116185 1600620082  12.753253824212228 17.183542060466085 3.075541347312983 2.993148698538893 21.82515737764994
3.052759530900675 0.19076181440646023 282.53791493770575 0.06104186955627824 1598722882  17.465314974472602 12.231277872778779 3.840563211726881 2.696436358777932 21.83259215894609
0.622746369061399 0.55781162834026221 313.14153745199883 0.06735580368846900 1598359282  14.076438920626916 16.515166186583112 1.168252380019697 2.185067711852419 21.84115796805197
3.730538968102277 -1.12395803829960128 242.88389992553968 0.05278176601896348 1599925282  12.129090725193420 16.800233346357942 5.371991041085884 4.356953698152852 21.84499978451374
2.593209653268349 1.36317307791671571 203.31048253620412 0.04444608988053567 1599550882  11.943791131575358 15.198029783905534 9.433076369604290 3.838026351195253 21.84828670569923
1.587653481626547 0.85609541769071917 123.94053055620083 0.02743275095965496 1600134082  10.740822716101768 10.246043843897308 14.650139234990124 6.513950721898327 21.84959543519537
3.562654248141537 -0.05176104293627331 177.25019811998058 0.03890441058733516 1599273682  12.552498382350178 14.029107910086749 10.141146219285428 4.500052748273105 21.85118774277339
4.038852723143888 -0.11450400027126485 209.95070578417295 0.04585138158750644 1597441282  18.359553394702264 10.588568223147817 2.237175619713871 4.836837857179664 21.85385396398694
4.521420025574420 -0.34708254305426123 144.64832588072619 0.03191093944423120 1598478082  17.133070121433487 10.240632710207999 3.857344858623772 8.030736130443350 21.85828177708619
2.308058798646294 -0.10551643258374126 223.26064988315727 0.04866013635410426 1599417682  14.809897591727298 14.228998101943020 7.465728165536342 0.662063466679933 21.86259085145544
2.085835879132186 0.74287896452683599 178.65795645419902 0.03920485304546883 1597880482  10.488178235713601 16.903152981329651 6.261673394256968 6.700837514394103 21.90498209323593
2.909669283273770 0.96254364816048177 228.78113842456182 0.04982198758800959 1598276482  13.433778984738874 14.158446688296838 9.695907910840914 2.367690019596047 21.92132789501032
2.290221390706991 -0.26305352178849117 277.64683850022999 0.06002790750806895 1599288082  14.321013232508939 16.085324571987783 3.696771428285362 1.893475426152814 21.93354633374005
5.221999216252376 -0.58013770853454727 128.89415291078552 0.02850660439708957 1599716482  11.684081734706856 8.238636626445629 16.312450574527752 3.279165408476277 21.93722564428966
0.139612787618686 -0.48166413373381500 205.51961276355530 0.04491390712957778 1600234882  16.401244381748210 13.212603994607326 3.462712913431109 5.167589471030326 21.96060298011161
0.926142158387833 0.53818040971538872 156.43331689512431 0.03444688893078519 1597437682  14.562030172741791 13.788452119570668 4.580245569821218 7.732407535891267 21.97596210377398
2.605819771047420 -0.06619103525762725 219.28705983869602 0.04782273902623222 1599511282  13.879300668600315 15.038901847626301 7.906456172903229 1.315707762753478 21.97832322910363
5.723998360370893 0.04439808490645691 145.47821326525710 0.03208981462353462 1598834482  16.642909925174298 7.892743033192634 10.097768548758216 6.486425397482270 21.98455110905996
5.376300348530127 1.34580187930743200 271.90655987518147 0.05883617706873678 1598344882  13.146964570788573 16.617363952159245 5.046008608979605 3.028647486806733 21.99123394958383
1.866136127849177 0.60721182987301237 119.23147969497728 0.02641037855133023 1600227682  12.365904301795782 6.504462166217403 16.417407816454094 4.374050556678542 21.99743655422315
5.251343443473140 -0.51107715959820821 219.68644693369694 0.04790694318364082 1599730882  15.073872299223357 12.501982607260603 9.565369413934116 3.080220434130541 22.01147984923779
0.162721132226479 1.05579021270301410 219.05565064462274 0.04777393372337931 1598200882  12.411220967359341 16.371808876549533 6.023642102970620 5.127627570272998 22.01479866987183
3.748989448698913 0.83572654821019454 202.75790536880186 0.04432901250104498 1598715682  12.704207438297141 13.553392887674041 11.431183016694490 2.989432784186824 22.01590331863022
2.192373482447669 -1.05381156352061334 187.57562126251398 0.04110516607799923 1600263682  12.998513687921493 14.780101714978194 8.200145806364754 5.524077095398742 22.02658811077499
1.749933785984331 1.24771338742423121 197.03403797554247 0.04311526993877459 1598665282  12.343472911838820 15.261878214055526 8.763496115785884 4.830709098268219 22.03226871453430
5.563249663279898 -0.32881310110584361 199.17546579295629 0.04356960484118702 1599561682  14.815331587086069 12.282883913688842 10.057173470156767 3.768582453558473 22.03888017097421
2.509670649107891 -0.80298445360484172 237.30178730502362 0.05161164366388536 1599558082  10.728270484499090 18.302003986843093 4.204982388928494 4.265376724450014 22.04392099912521
1.269025325690904 0.38754622283303014 147.57948747982059 0.03254252696994285 1600630882  16.816020423375875 11.253917397272703 3.644936619835842 7.956296451860670 22.04580268115776
1.897224347778663 0.46723140410155684 185.13229848936726 0.04058500229298806 1600825282  15.898504151584241 12.505687592736463 7.731137283064981 4.148178753421438 22.04841325549298
4.632305024738001 -0.89535498831239035 298.01718702766357 0.06424195121331093 1597318882  15.525686221086930 14.495037895738019 5.933742760829237 0.495484578706160 22.05919002035113
5.739390440764015 0.50540869537114907 151.71734181498806 0.03343316782828584 1600371682  12.699456665770626 11.020388075614147 14.162078874467047 2.332147339093619 22.10720566242581
5.670849837891714 0.08305531669606167 205.42000787069293 0.04489281955028707 1599126082  12.216920406946818 16.347076780007356 7.948361227503577 3.058007193324862 22.11352341166911
5.717807679908599 0.94892567784639925 304.90985545106349 0.06566262282150220 1599360082  15.397038749792824 14.874469593394650 5.533771141862919 0.321801995428897 22.11435794958155
5.805588997905160 -1.20870488700402157 221.95710927714467 0.04838553002347732 1599219682  12.828042405180216 15.127963124913618 9.428733464976609 2.663374166620074 22.12257934696669
2.104581447465293 0.66516929039715134 238.78320438363065 0.05192236389427598 1597750882  15.324020742702265 13.095532919570951 8.796931728781347 2.394228854246625 22.12322159672236
3.353392194617419 0.28488754094795760 114.51762839823442 0.02538546318369920 1600738882  6.204832018797431 15.382971046881400 11.338927559184274 9.276974432471278 22.13073138022871
6.242553308470599 0.36684723564081523 111.77055119566032 0.02478748262881003 1599230482  12.022058444587845 12.597508978134085 9.004052592020862 10.277147879404135 22.13413321804749
2.303193508751538 0.09577212976430237 166.52797387440569 0.03661192851574749 1599342082  10.806621861434152 15.841893584608568 9.844549828544661 5.052192116745239 22.14020042622221
2.292516725171130 1.25057014295058577 173.83508396619021 0.03817502794297611 1599028882  11.026255266608240 14.739178825802703 11.443087755254346 4.557772340670114 22.14812054661131
0.268646840988311 -0.84167666951570586 163.41915854370197 0.03594586392140844 1599637282  13.851181503318967 13.448254505361142 9.089303391699852 5.937222766448085 22.14896901897801
1.312709694153371 1.00000986582417473 238.04665341292147 0.05176788918719967 1600018882  11.648171105114491 17.621983076834326 4.962192400608973 4.489536406204770 22.15837241806264
5.215922484620083 0.47831383052640813 321.35922817875104 0.06904242417870639 1600746082  15.074176961279779 15.994243725982948 2.064113277220355 1.976962921109601 22.16338397986107
0.606136945003981 -0.35801773922047997 187.54706829118820 0.04109908975737927 1599892882  17.571836955279753 12.085557159660869 0.517566475815670 6.012898815405970 22.16422732836775
1.475822494969611 0.57885548436075651 190.93959748544779 0.04182073030839824 1598139682  16.007533201298891 13.733629553849422 3.333691524003092 6.015251813865645 22.18446423681394
4.800366991390677 -0.15388643764500642 208.27994427857061 0.04549804267388390 1600832482  14.470025841250358 14.402762658261786 8.673226653517879 0.614881090435831 22.19063224370459
0.713216835084303 -0.45018026440167885 292.44270866422579 0.06309108038161124 1599507682  17.352030877976073 12.858239074067088 4.790949138022270 1.787607421675484 22.19405374448855
3.349161955961647 -1.14951951610720915 189.13448737270878 0.04143684090750273 1598319682  11.550983278570232 14.669399054096139 11.498468859878825 3.462155654110035 22.19949979627953
5.531225826621522 -0.16963499641077492 274.32441636447106 0.05933839257192990 1597779682  15.236377940105731 15.564640185988486 4.296729093107663 1.723714736727691 22.26742711330158
3.393922592752268 -0.76480127211580962 237.43292181554830 0.05163915086283594 1598449282  10.915271249479090 18.547802161836625 3.992653459980752 4.147549152197112 22.27796124212724
5.294732835573556 -0.06288189961099032 147.60580384704562 0.03254819509414181 1597837282  16.454221228064547 8.906827181497075 10.354144458550721 6.283885941117711 22.28830403266831
5.091207017061215 1.12200476120440640 204.16580403409861 0.04462724655899633 1597585282  13.064603390401651 15.701922370920862 7.249289134043499 5.215244895406643 22.29316487533669
4.198655643710940 0.25101701222533146 106.12417238404788 0.02355675323032441 1598856082  10.449437459236377 12.288223786356539 11.570366044680176 10.146561441897024 22.29388406133284
2.894260799605779 0.97200495152571775 284.35634180210934 0.06141850461709621 1598629282  15.280266588625651 14.852951880678333 6.501595204179084 0.812101183557810 22.29410180116158
5.417309074238793 1.24016931275363507 273.62941946789601 0.05919405135495467 1597286482  14.300151919200660 15.800324311140448 6.432245590764617 1.582605161136795 22.31642927722537
4.724761452261346 0.14065391732176849 120.01176963031243 0.02657988888336536 1599900082  18.580669337911747 1.454855153925286 8.496312231754464 8.867455515280492 22.31987825725435
6.120102091775775 -0.83661581987126776 166.44236014980004 0.03659359648572875 1599889282  14.129118847415949 13.727334741766194 8.653749699247797 5.939969407572568 22.32134267773861
3.742234006354777 0.70832734120987551 162.56664545007726 0.03576310641235510 1597660882  14.862250844050688 12.981657576025581 8.782929032273323 5.637338868664407 22.32329199465822
6.103554182347177 0.53731550047707710 153.01880589902700 0.03371307096615623 1600368082  15.331974032861662 11.295040404612582 10.797633826581549 4.385506850899363 22.32641780667912
5.526196459483501 0.04017363858077436 170.73790996462236 0.03751291434147806 1597362082  12.756391273274151 14.326618310809595 10.412484493977969 4.741427255956574 22.33558766411462
0.580744646995441 0.35727085743141024 200.44354248484333 0.04383851076823721 1600141282  15.878934418175554 11.817505325598333 9.643596708144338 3.767149063450388 22.33795782771676
2.536250131930551 0.29312160491083383 190.85316332006829 0.04180235049452145 1600684882  15.844508957914565 11.578550480327598 9.841473380775023 4.129320510543536 22.33869247575221
0.662990998534751 -0.44373890417007367 194.17355982514334 0.04250794845595643 1598110882  13.428704089474694 13.368202952007138 11.486903239574961 2.924390367682705 22.35039034886594
4.228647384494034 0.64804854679918866 221.29931727116403 0.04824692026109116 1597470082  10.175582289253473 18.874981188657515 4.572478242952220 4.381256299040719 22.35867513601151
3.608649880900312 0.98223781807748434 149.13764911873062 0.03287804487323832 1600072882  12.155350072839148 13.451748195064532 11.530279528223490 6.188991588373313 22.35962941948318
5.479729897725907 0.99924838365184532 191.57912556037451 0.04195667148691282 1598884882  13.565930734060471 15.203160042885907 7.286401949020474 5.677823121160707 22.37185465554444
4.131319345832564 -0.64883139201620144 121.69277963784903 0.02694493121766555 1597628482  13.301883633302008 8.410042068157711 14.994167528189889 5.316132830526987 22.37756117000513
1.318966197397420 0.41149232860443380 320.72985058715329 0.06891339712327395 1597668082  16.908795536085730 14.025599936623928 3.859768771128842 1.807330529302607 22.37831715460545
4.548280408014516 0.10282281384994058 175.50923300653858 0.03853267861848959 1599212482  19.485527338625836 8.743971843234339 3.370102431348536 5.893919680584478 22.41068269505800
4.197463914304944 0.34371507404980722 108.39213917393634 0.02405135819851943 1600148482  7.350517536306802 15.032267919754013 10.853345403129280 10.251806745930358 22.42529453225420
3.410544625796165 -0.96086779068561368 256.08594146301164 0.05554190964501828 1599795682  14.885645402267977 14.672586163327667 7.996392091606938 1.555962697994831 22.43280031923348
0.281010939328455 -0.21564912511994080 243.91777841237561 0.05299829283038811 1598143282  13.712133306653115 16.884409046924315 5.061370438909451 2.154972623441877 22.43584735219367
4.324616622419062 0.08310665045261287 288.88636956948488 0.06235592473246179 1600641682  16.892467059395287 13.938754520581002 4.178590449949500 2.516066242258293 22.43736901736951
0.332142171833563 1.13070945178840776 150.58926555389385 0.03319046872693560 1600548082  10.711589873802650 14.057810013707124 12.618735345090199 5.752726507989504 22.46522922187062
3.069374770763956 0.05031350061135412 212.54392882739631 0.04639946335295481 1598658082  13.195006276854075 16.353103496230826 7.678706949941335 2.407583005512279 22.50091511374958
4.020732754239405 0.43229937198520152 118.21583145781831 0.02618967978062925 1599975682  11.573350805455217 14.347835251456283 8.279133040794708 9.901846443303183 22.50318715566746
4.865403074745205 0.12104276451116354 275.27462897009423 0.05953564018638464 1597639282  15.914909358819070 15.140950820621583 4.539372480353079 1.857192178066447 22.50750534718511
4.762591740519710 0.16679817526054300 297.11099596941602 0.06405497789244399 1598496082  16.457930905704309 14.649916431611166 4.071069571766835 2.165086608542179 22.51099172917049
1.383242958580514 0.18679121384620875 302.10043395725154 0.06508386441339777 1600083682  16.977004396997813 14.060385612134734 3.934714231960545 2.343848031173130 22.51418933779397
6.170084260112831 0.04135750272917592 183.45752835117224 0.04022824522770229 1598445682  12.043088368487313 16.116377987812598 9.361059000957964 3.974171369207190 22.54322693379293
4.853685382860476 -0.19904024311269800 175.87264518534440 0.03861029437893904 1600155682  15.318793454060579 11.976444875980661 10.419702967836436 4.669796709204391 22.54945400666740
6.186492339884100 -0.69365458475435560 178.76129388108214 0.03922690176938807 1600771282  12.437069092910303 13.139533646611378 13.064306041211591 3.311813297595581 22.56041293347322
0.909809432302228 -0.35558356079582715 170.78477585684752 0.03752293904501859 1598589682  7.961653036606040 18.800015784956845 7.921991981680795 5.425495838323131 22.56152642529758
3.477294348548459 0.45061754930420406 203.58886176809082 0.04450505046684757 1599118882  16.889866341863929 13.532293210106703 4.269628440986189 4.915460542716899 22.60048725008850
0.701204894870556 -1.21482948661276913 284.35023207430964 0.06141723979205409 1598060482  13.803850732063379 17.261731008724787 3.925625217975878 2.634237042587189 22.60228728689210
2.092753313241452 -0.92818592290699042 141.63913057586691 0.03126194866916478 1597351282  8.765320976941496 12.551255842560892 15.995832054854375 4.554723443945708 22.60480090228987
3.872972346678917 -0.00955102980644108 254.44964900992628 0.05520035994793982 1597830082  18.119960713678012 12.652796962076627 3.419615144634396 3.454483304832182 22.62859849547796
0.189748998127049 -0.10350797464013579 273.86776834460517 0.05924355311114728 1598910082  16.150356063630465 15.050591871951070 4.640789808741418 1.934304422222036 22.64139528220005
2.031582371777642 0.79971810172039770 300.54353502974027 0.06476297931112325 1600602082  16.378319092832669 14.636082803826964 5.487272915806415 0.420967067977853 22.64401981698459
2.506115158861583 -0.41192650519366214 196.13919677695986 0.04292534425049257 1599946882  13.915791237832154 13.583642159403158 11.192082094383945 3.164131321048131 22.65919258742263
2.676536563933152 -0.83139083841163464 296.97215404830797 0.06402633080436157 1598413282  16.275688323066078 14.746974279890329 5.678577361928131 0.382945388874866 22.68841485929767
2.881124960538278 0.86915090212405999 317.29342491689255 0.06820840455763758 1598204482  16.056742873482140 15.374721503251980 4.555835726798323 0.425647014528127 22.69664881779306
4.309734458691667 1.16626715295529926 171.42499802303854 0.03765985031287016 1600598482  12.303932634351407 15.091207717487189 10.314925659057497 5.481366618141547 22.70626301259988
6.074539809837440 -0.14289549823844377 293.89462423283049 0.06339098956732377 1598812882  17.096654400088124 14.178525619970005 4.069106321594539 2.435908837136080 22.71161505819163
4.936097884243162 0.84194634554439474 328.89446307860663 0.07058576429302026 1600562482  15.893541611198440 15.792026298787775 3.592356032118360 0.988078831256609 22.71286158120054
1.635216598996095 -0.03827170752946690 158.19040310125058 0.03482420638914445 1598049682  19.891792634626253 5.980840797620481 6.939725530815398 6.064925450738673 22.72436978293395
0.897231742438934 1.01712789654247038 232.21617206728337 0.05054399079206313 1597992082  14.268340379151425 14.986900931013128 9.226050464573984 2.125086915035159 22.75585063808085
1.511561804962395 0.44381201994928343 288.76070579279047 0.06232993861475217 1598442082  17.751305138856743 13.293057095365832 4.764706939757629 1.824075034778533 22.75618340204997
2.401029668189111 -0.15155995074133058 268.45258152119430 0.05811820607188992 1597650082  15.728891186465599 15.733007913633980 4.491383996677375 1.764914834957537 22.76429244554743
5.179812027380583 -0.39376012346683459 193.76111455352410 0.04242034650797215 1598690482  13.876066606957131 13.745582060928847 11.292458109432340 3.081308584021423 22.77060217512238
3.842075602787912 1.44155537655517030 243.49842441134797 0.05291048792158136 1597606882  13.767257262521506 16.426307840320327 7.222938869991569 2.646226814292354 22.77134875385591
5.681812434331847 -0.61679616128284820 158.96097031031937 0.03498961606421160 1598607682  12.163177474723517 12.435067271321353 14.408341393384159 3.234592388020418 22.81746423134823
2.704298284091301 0.02003504496421443 249.99108635279006 0.05426892696661652 1597297282  18.225080894823780 12.827643177087788 3.388095944025590 3.566848014690094 22.82331268653564
0.619186747978920 -0.46251792399857161 198.28183500387865 0.04338003697951139 1599640882  16.898637650105091 13.640473881238993 5.144763048041252 4.816045499779820 22.83176215737087
0.631282002179387 -0.19397716994992908 109.61754985222804 0.02431845600898876 1600231282  17.815162669428354 4.412974171988071 9.286290024251095 9.913378002680469 22.83340990345861
1.471692473090559 -0.15677493878762219 294.17737959647576 0.06344939580849948 1599439282  17.146178801287920 14.334712013977079 4.073321329801572 2.403248206402549 22.84388243287002
2.843439006264969 -0.26431488557088600 189.48643621066728 0.04151170999886447 1600814482  14.270467736996975 13.755481870513480 10.737807950264761 3.718321942969260 22.84701224604724
3.529580787896186 -0.61577035974692262 184.79619967755531 0.04051342322905645 1597952482  16.226148556767566 14.339972708309848 3.859349260648932 6.219807740780870 22.85833107007838
5.512177866377600 -0.00407652141899321 208.59246388664008 0.04556415192780313 1598992882  13.677189492688715 16.281494495368698 8.106558705525108 2.212359844709514 22.86401989043580
3.449981734822017 0.85281864962912424 187.76736412665994 0.04114597062705461 1600058482  13.778802064450367 16.078134480470741 5.877224259773226 6.325103362970987 22.86723621812084
2.733501113539444 1.17594049440795190 209.52042831501194 0.04576040043900224 1600566082  13.243767322303864 16.533330356119926 7.015250181027870 5.024344072864121 22.87370005086315
3.887618286100506 1.01659438490057075 233.11323228310309 0.05073242344637063 1599709282  12.155625833709244 18.171143983885766 5.058806439348808 4.536549962520686 22.89370047077341
2.660876926096763 -0.41801711252344048 260.01205497863015 0.05636076971092949 1600652482  18.225099852808093 12.499045939500972 5.558990761883834 2.231115236307170 22.89673923358898
1.673994290001999 -0.41698024195997385 140.73299344695414 0.03106640653992592 1599378082  3.467185168537252 19.338442898422890 9.239155314894894 7.418872872885734 22.94337404056512
3.109015180293048 -0.48416096415503773 243.91613015886458 0.05299794774271650 1597984882  17.887662898387553 12.423923284650803 6.827793050867125 2.340802922747393 22.94385473319274
5.075907240786753 -0.42243189353216010 307.54387036478028 0.06620481108256525 1600432882  17.517503788288938 14.235643100746142 4.114119674174285 1.824465243469353 23.01675753842392
4.841984777828327 0.54599003799558010 147.99302640584082 0.03263159632210433 1598517682  5.138674997012826 19.537470000072101 8.205008616281214 7.488275809288059 23.05461246080402
3.662204253348316 -0.44699832675629081 177.78014365260560 0.03901752435609338 1599270082  13.615239638657057 13.571556149186984 12.477055545018590 2.650935546913283 23.07089640815807
5.022318593722803 -0.17182355015177328 197.12641408457173 0.04313487476956099 1599543682  14.863861807402882 14.937464590928501 9.386022673293224 0.845636172769055 23.08408019382802
5.734811783994383 0.51866835790799592 188.93601865326892 0.04139462121223571 1600162882  8.984934965966183 19.698682296328659 6.189997864152629 5.098053586947879 23.08838159092014
2.177541742244336 -0.53278891535792317 266.16595995256870 0.05764249510337594 1599352882  17.867467495571471 13.224780772422324 5.988524763103872 1.756837513104737 23.08874461874648
0.914337714744154 0.39358357591196180 231.58777331872335 0.05041195724323815 1598024482  12.697028089396156 18.513206399322989 4.459045085976601 3.146962576395982 23.10280913704776
0.646764871555497 -0.28921708689103831 152.42497967571438 0.03358537015083433 1599201682  19.058005775314605 10.458357170785021 2.475073223721687 7.424287185397996 23.10477973315660
2.362399589592542 -1.16203987365247752 193.44374086116588 0.04235292299358290 1598971282  13.424907783241432 16.151980246469460 8.063510318519409 5.316074207969837 23.11699501475888
5.410150904335109 0.33454024355853884 190.06042748753723 0.04163377899283107 1600638082  16.337137551362446 12.227045862370163 10.117601815997501 4.024626110694907 23.12933625789126
0.370701691981317 0.13991793375611450 161.78510124059741 0.03559552848650739 1599154882  20.089783885718393 8.778197415160507 3.420776557545279 6.539151952412391 23.13262602792409
3.297989028065335 -0.63224366807597432 323.44396171123435 0.06946972195830582 1599979282  16.854186794035648 15.348069475510155 3.760213762799065 1.295672535452528 23.13968072325981
0.642875514262331 -0.42865214451906986 180.90854822438556 0.03968492057200669 1597419682  13.755884157712501 13.773511606239792 12.220042371554452 2.702998006311407 23.14237681640193
0.397577780217743 0.10655018910333636 248.72822854699245 0.05400491174732441 1600026082  17.767499601728236 13.797780406586178 4.280991418073754 3.368290962413224 23.14595121775906
1.570279082393750 0.40773689770704868 114.00749231881605 0.02527445803224088 1599684082  13.458812290291371 13.552350231427660 8.138615181571289 10.247986407228288 23.15305827611147
5.921446216843989 1.23089023711801837 283.27536678083925 0.06119461871604065 1600497682  14.469364626299209 17.437473591424954 4.183815539135325 2.313207449359677 23.15779003078067
3.299284313273685 0.20767439347187525 148.59631701731604 0.03276149533202734 1599194482  19.840572720927319 8.702378209517832 3.512558838348487 7.388067153446974 23.15818037438603
4.340311047575354 -0.21880424980107152 110.22945409713815 0.02445178986649692 1600627282  18.329898477338958 5.297678256568264 8.525005241482710 9.994102761713156 23.16480903177618
5.492954179433176 -0.05145286477412312 187.65520528632362 0.04112210225039881 1598694082  13.263253618038952 15.952191797985185 9.751668834177638 3.390537055953030 23.17276647867904
4.016959728578417 -0.23696615425096976 117.30924879915736 0.02599262181355779 1600623682  18.939281625243538 6.395587499019857 6.984084005228249 9.499178466068237 23.20801044596900
1.477960681699821 -0.07222789951089043 247.53194487046318 0.05375469291464939 1598499682  16.019917314907172 15.817264207052794 5.422048569062206 1.586365162983175 23.21074671112009
4.561942426340401 -0.83513330287032983 162.54221906740716 0.03575786899906572 1598488882  14.791363353996877 14.402525747775780 8.669254890417655 6.156940630753376 23.22242614523638
2.092469689121257 -0.17653125374299813 179.10728153510672 0.03930072387327771 1600296082  19.637647589163592 8.729656996117763 7.413449453902852 4.797763488807801 23.23406725922434
2.474244504896962 -1.28979775181680800 213.93328792941176 0.04669293975154253 1597761682  13.428174110685982 16.937506610260222 7.211093412115833 4.588874183521367 23.24333505738700
5.046109819993154 -0.55558340605367296 160.56222316252547 0.03533322554027087 1598240482  16.296238438841574 12.892458507652607 9.189237883309026 4.938857503046635 23.25117803335056
1.776928552028184 -0.86270845342858449 168.33659656488609 0.03699913649498707 1597243282  14.780167785977138 14.799613142913870 8.133066810998319 6.149294204803263 23.26891711986045
4.801993437975187 -0.73598730973603110 181.20464233805777 0.03974805057819631 1599090082  15.642205765738861 15.142035543876975 5.230222479130028 6.340713163032666 23.27057610431681
1.994934577704949 0.19235403232053455 220.61791522988341 0.04810330835649041 1597545682  18.514776320603978 13.098396165448307 2.746180664632425 4.468089846216944 23.27810686945347
1.945868869970979 0.21867926412234534 187.84761371643401 0.04116304843767976 1597783282  11.475181259612386 18.308968956649750 7.789656690763324 4.013254444242460 23.31701292598838
4.338415575611371 -0.87533615257794295 295.75026148382904 0.06377413464567866 1600677682  16.566975737147050 15.517589635470939 5.441903519685563 0.061285952047170 23.34262930896129
3.288892324421841 -1.15247314225509823 162.64895570037805 0.03578075506727871 1599522082  11.137561634044886 15.121106312571216 13.198211671140204 4.282637211593296 23.35009439104208
2.671129509181143 0.32567542606867489 199.02591833010703 0.04353788946812545 1598251282  17.219035933725134 13.659998168259106 7.041631637713579 3.573681604382040 23.35479661171355
1.039365124739134 -0.95710130028537121 215.63553516410619 0.04705234631502675 1600317682  11.943135331266754 18.624161601743442 5.514098622697859 5.085132749104077 23.36154394738619
0.763737877441176 -0.71094680834608326 178.10923405112413 0.03908776677337387 1598802082  13.129884089493583 13.797616750132216 13.103795529131766 3.385520521460664 23.36534379497958
0.673997868743534 0.39521161218112599 168.21363796090978 0.03697281708330636 1599183682  14.160615829595823 13.511696431784832 12.634578998981301 1.910735745403748 23.37461184080646
2.162014390790240 0.44012053094589310 286.79435382020972 0.06192315115634166 1600706482  15.383371907162239 17.330656475727405 2.212984314160784 2.211741555522067 23.38351738718719
2.802773941400248 -1.17845058235678035 151.53157070700206 0.03339320557374999 1598730082  11.353563755947340 15.054561767260330 12.645712092606814 5.650046214266947 23.39615986688995
4.717016694489392 0.45234463826428151 171.03772871746099 0.03757704179280155 1598193682  16.817919005933305 13.050780838798049 8.764951999832645 4.172919054546306 23.39664328889161
3.687342905070303 0.51720619300894355 170.20159308947962 0.03739819514118492 1600666882  17.189210238429801 14.064600111427806 2.716068164458122 6.907808559882509 23.41744585323694
5.783943774147615 0.87899824891469935 316.95782250183686 0.06813952106235015 1598334082  16.258344188799118 16.426121701949434 3.694642402735203 1.033345220629244 23.42796224083090
4.283109054641336 -1.08428444352337205 248.76571032322025 0.05401274775176197 1597999282  15.251003356960014 15.883008745218079 7.900283780638000 1.551295579863562 23.44534222367837
3.038833445987448 1.22160882750574973 182.30672659110149 0.03998299565010449 1598510482  13.165704292446543 16.154946160380259 9.371991000704497 5.272293017394658 23.45099878340973
3.646768712184097 -0.07472330760010672 141.79587215548995 0.03129576957734165 1597729282  18.218423569745411 8.291611881727077 10.390348846489589 6.547942159345999 23.48396645879356
5.764057845633149 -0.33088884975914590 190.64745875605132 0.04175860839805258 1598017282  17.925903965777017 11.366989059860458 9.212437119930708 4.022969899986238 23.48616098433543
4.748883528679523 -0.58074278221397979 181.76486328156511 0.03986749486971750 1597714882  16.887652670978831 14.301362997340865 5.608837317476763 5.572943720531867 23.49975646859908
2.441171823572900 1.06893069086885362 188.72874313489376 0.04135052807127722 1599903682  12.946369966187863 15.372023373136233 11.777407465986544 3.223992076204067 23.51614444191394
6.186105283260826 0.32063206140819667 285.64251472276118 0.06168476586012730 1597916482  16.174218063140568 16.662770811556747 3.214702255652691 2.053376929401142 23.53303908294009
3.601239704008271 0.37480356772194845 256.40957055559397 0.05560943442880310 1599158482  18.852621051530729 12.913302254038534 5.269575492878822 2.383160239119926 23.57164767718302
1.892418812223263 0.99908126974548039 147.81151442666956 0.03259250185975191 1597722082  13.132580150616564 14.599270283197688 11.401140013936677 6.391881087863490 23.58909688125008
2.177240478956655 0.76004192802722847 117.31911517123812 0.02599476648030809 1600400482  13.254699345985882 10.603906009126145 15.003323574262541 6.574614081265644 23.58930151561209
1.792819117535432 0.67938847340133468 292.43439042472181 0.06308936215743199 1597686082  15.010779406392905 18.060281699778432 0.287210549870209 2.426016268780747 23.61070346895845
4.660247641033319 -0.22765744962187087 186.30682967476821 0.04083509729383709 1598845282  16.367533913026197 14.155264244490974 9.394758561439303 1.075423451342720 23.61536991564736
2.730876691276221 -0.33083964028739143 173.69439311219054 0.03814496582433557 1597617682  14.641599769584930 14.159204932355602 11.874667209610346 1.575846059546969 23.62944223361054
4.890899395386088 -0.71306735341841609 286.23443374856498 0.06180730098640953 1600443682  14.711604155825036 18.328751548246835 0.310323458698746 2.578952906478723 23.64575498684496
1.597437592829289 0.52152295804200011 186.86141763894400 0.04095316337487792 1597542082  17.348911453522557 14.309182007103640 4.919768370600161 5.437632060886199 23.65395065490160
2.528814760348829 0.52055981875142421 201.55810552657371 0.04407476749488527 1598874082  15.786956892244207 13.635316421353274 10.647346486368690 3.331100735869245 23.65612143064242
1.199428854708493 0.53183704827106304 252.11463434361480 0.05471271142058892 1598089282  18.333894852248722 13.417269508660022 6.485434512581337 1.935732173307811 23.70575333932863
6.076185252498544 0.23219692250817725 204.27209500586719 0.04464975893527046 1597380082  19.916959437159331 10.626486677696764 6.211173982225759 3.863702024708640 23.73003092930839
4.864362735513392 0.65382877330269951 200.68701649754635 0.04389012056607850 1599633682  10.296660197840456 20.130109111257518 5.266512212760619 4.957397446064761 23.73930168278610
0.170482988876288 -0.27948679929514614 204.22070674737608 0.04463887492704310 1598863282  17.576712524598179 14.043292831165084 6.806322218301751 3.417069671180106 23.75199536862674
4.388459791269401 0.97251060161527259 306.75090283673683 0.06604162236322234 1597887682  15.820508928270225 17.376356174575569 3.083482769468831 1.578254487403302 23.75342101407307
1.122051031456466 0.22769591088756186 273.94730006248312 0.05926007074597876 1597329682  16.587942295933150 16.435087425347835 3.958758521413478 2.016653964751891 23.76995142057400
5.077511874943338 -0.33992989325070649 205.77622866121752 0.04496823586718995 1599763282  12.217278963840721 19.177266642332501 5.910920475875129 3.655639041849648 23.77671421428619
3.777625413289074 0.73309501591084769 128.02170908760459 0.02831759412718629 1597491682  14.606585579625357 12.042446648759110 12.968704482773983 6.314939824818641 23.79997110367430
3.124204860989194 0.07536103706145585 216.88981003063594 0.04731705887436603 1598780482  16.672300532499374 15.357108702153100 7.133577287315308 1.379050454791856 23.80327913978845
2.047406355551578 0.00501881500898989 189.59628242622912 0.04153507727689370 1597498882  20.475714925392801 10.359696702259740 3.969455414099450 5.019734084645675 23.82294112895891
0.634452677113777 -0.15937986915743960 267.20098308766501 0.05785785837662749 1597700482  18.713717847008670 13.883151988928077 4.071327061937821 2.864444656396004 23.82699922440825
4.954235441740165 -0.21497309892829664 184.01414224494400 0.04034683204470964 1598773282  14.348257002937070 15.198276484119484 10.973689635733733 3.299506992727694 23.83628951255922
4.486005614061263 -0.94402002133205154 110.70893394134818 0.02455624773520307 1600224082  4.999315563728883 11.165432546510303 19.534514613996606 6.160576076474169 23.85812228267108
0.724333033572985 -0.25057942529399341 218.71187096309419 0.04770142894871436 1597747282  18.174535152982461 14.171567330718791 4.745451301263556 4.003462093197657 23.86826481796333
5.823272104867529 -1.12535687317801369 248.51801707866753 0.05396094330716134 1600033282  13.629841066226074 18.705947253359660 4.480994532384078 3.758861414610712 23.87243978460438
0.748749788062568 -1.15388053227034448 286.61265087546525 0.06188555593857426 1600634482  15.681874448488600 17.361776465950665 4.725349331015149 1.466291387136523 23.91299657098445
2.897135283757931 0.34946833859561194 185.34567952888059 0.04063044611644812 1600170082  15.489660859437159 13.875893722929312 11.192598773907678 3.845197508158032 23.92759560300268
5.436762756268390 -0.32122628382138041 123.96080833449912 0.02743714971594404 1600213282  18.826038665316165 10.233427277483489 5.234473804576411 9.280507862295082 23.93053087301742
3.083473301117910 -0.36972499477588566 259.66429123494675 0.05628828225721322 1598179282  15.227047504085204 18.044954352321589 3.129597797166854 2.341967433849872 23.93245802466354
3.430113722864473 -0.45476119874695486 182.98247068384043 0.04012701702947162 1600278082  18.179260121950932 14.151712343627487 2.428602518240415 6.073922666714105 23.94884355435897
1.152839521911778 0.69155037208268577 149.07210806158793 0.03286393712383942 1597970482  15.988673441539156 13.705068532189975 9.736582459390871 5.977876199378121 23.95835185766778
1.876520002947213 -1.40846664969593394 246.89212631948789 0.05362085592101742 1597905682  14.479766624152395 17.905018871470158 5.870901896321118 3.084402260120025 23.96318778159702
4.582937293359611 -0.84425881557894589 109.81960707377075 0.02436248425198555 1599529282  11.507558041569933 10.657300604765148 16.659398543108548 7.184408088005280 23.98235242117735
3.426268828344483 -0.19393290874668861 213.97291940532472 0.04670130906610455 1598704882  14.053795429639457 18.259869953827280 6.292946559733322 2.623544378103533 24.02948560032814
1.087894768381061 0.26206356131254466 215.39837132951718 0.04700228393540425 1598888482  13.656106744864129 18.680654333969251 5.782653882606129 2.919918772631120 24.02958820573401
0.048052898571937 0.39681509126855941 296.44987521901498 0.06391856656206045 1599208882  16.841915243371197 16.755126692262404 3.000072593120819 2.091230314116993 24.03659833107297
0.450216097848254 0.46456855980444567 194.33127940950885 0.04254144754971849 1598931682  16.138887392435752 13.693754636157804 10.843770839246142 3.568759375438125 24.04799392454343
3.806327155644209 -1.21662063016418842 213.54659879511277 0.04661127933067472 1599108082  14.367351159312264 16.564122945367636 9.568812451321707 2.605360285691467 24.06534899458293
3.969239020558507 -0.83962931183239875 129.66183449751375 0.02867287460733160 1598841682  9.522778720077108 12.532820136489129 17.592322195720573 4.703817479356829 24.07011828475893
4.842556297534601 0.92830405508290459 221.27978949834167 0.04824280537382250 1598600482  12.336870784127971 19.546969055980345 4.875141219357899 4.686777296622608 24.08350604369187
4.857593722734888 -0.60196055108387825 218.96146701784971 0.04775406994723656 1597347682  12.049252320585436 20.059032302163285 4.109155493993875 4.071623548223627 24.10420161666079
3.263902480479263 0.28511661706111380 181.22968391331563 0.03975338967386903 1598794882  14.958951894680302 14.627985617817563 11.394710141456088 3.732155094237250 24.11465541693848
2.709672966882919 0.35250971036046541 199.34967630555204 0.04360654762271935 1597473682  18.053984841037739 14.298440152984456 5.689558734169277 4.338655924230762 24.11611024330672
4.406300254063799 -0.60068721717094453 213.12923156944925 0.04652311949794290 1600530082  11.705692409124289 20.195050901494696 4.436187207898225 4.264186903440970 24.13972581828528
3.160426118320542 0.64523043153691106 296.09757763826974 0.06384583640802741 1600792882  17.922398350970070 15.428933734985870 4.761573525292574 1.070663393851682 24.14711704094592
1.188471518993126 -0.42416992116758612 141.51589558017716 0.03123535764281795 1598712082  15.720393150228929 11.937197553656944 13.759163941582162 2.071799343618626 24.15024619179588
2.058963075950821 1.18932161186386720 234.99483369224714 0.05112752664426291 1599820882  15.247838392697933 16.717474839805220 8.237176492851596 1.935798761162092 24.15717148358759
0.855820755672937 0.18152042796180834 194.15582999721639 0.04250418270187776 1599093682  17.030776743101057 14.786681451357110 8.536051800093217 1.470146836020760 24.16027352640273
3.759192009762369 0.36093756268311089 292.26562289511315 0.06305449468801508 1598132482  18.345080744393826 15.024107958515529 4.165448591309627 2.109286879673453 24.16745457376645
5.108272087700565 0.98852773489423229 166.26289398454514 0.03655516321253583 1598128882  12.390860141176033 15.157167298835379 13.689863058439100 3.777324717696051 24.18581543270358
1.828479377000752 -0.45000906705717414 152.30004446652248 0.03355850315262866 1600180882  17.043120666548539 12.672304337615316 10.904349513568626 3.876656141397290 24.18653675978385
0.718633958116881 -0.57095889940512823 310.18628121707110 0.06674834900200230 1600720882  17.570604683448433 16.198423989534341 3.594089944332882 1.629756452157596 24.22165719574211
3.530655619194176 -0.48312603476313648 170.10516310670252 0.03737756858434663 1600191682  18.190452213969902 14.317165305088546 2.273130662065670 6.781723583118048 24.22875712632813
6.003991089694824 -0.36316823804022724 282.20166871141834 0.06097222191424188 1599583282  18.717223611217687 14.598111265367766 4.416681983901028 2.151514375840226 24.23995474593023
3.011915795215127 -0.90743749833625409 159.58830131538085 0.03512426033585745 1598294482  15.024606412538835 15.486308655240977 9.011003148977318 6.418207809821634 24.24780655766681
3.791504540665228 -1.11001894361768705 195.58981697900310 0.04280870394709668 1598985682  14.035792262477718 17.602187899441212 7.127494410387640 5.572739346621193 24.26308067163259
5.956267302435496 0.34570709460841298 115.20108156634890 0.02553415782382544 1599918082  17.997663792625605 11.058795825944461 6.488990813342634 10.048483688807419 24.27533508176946
1.384274126609510 0.60792489915172110 121.91839217195003 0.02699391054527516 1598064082  15.515735270746903 10.583017652180233 14.424011152312788 5.349822537400282 24.27778825432781
3.453394698295944 0.74281810242070401 132.63441174993238 0.02931633833076440 1600256482  10.930167165452637 12.431334765439709 17.266267827430223 4.252956053153708 24.29440837299352
3.572500299689116 0.46383157509229794 257.18072572500108 0.05577033493890019 1598229682  15.026264627007787 18.758223983081315 2.488817781693639 2.631123158062453 24.30589678789243
3.347016077847343 0.87989363472405513 232.31556751335106 0.05056486937679838 1597974082  12.826195467828091 19.843235016326108 3.900915073739559 4.163035165324596 24.30665065969275
2.702498433419017 0.30915015418994746 106.70708307912271 0.02368391195743539 1597369282  5.178759452699074 17.831268502024518 12.151585444292527 9.957988628527417 24.32275173980187
0.380436779440300 0.11698584457266309 109.85909537123696 0.02437108874700483 1599147682  14.243470983259238 11.986426848341468 12.732743176009965 9.112057351625507 24.32495081612972
0.213567071008312 0.24986593503847013 283.33151447061084 0.06120624864484898 1600760482  17.622022878916045 16.163500473172892 3.990272208600443 2.229788135987420 24.34519799306262
4.642860925013078 -1.03950819088541002 251.37952108945314 0.05455910267271985 1599842482  13.962023079708320 19.282233522884411 3.665069982461645 3.565822470705403 24.34934179763971
4.110370536546059 -0.44133804540333110 175.13511875673203 0.03845276837903774 1598571682  17.754294293911766 14.071885847019393 7.738585640722928 4.526408297903667 24.36405173538479
4.728556373409071 -0.08436246200310737 253.94337327950248 0.05509466719697930 1597765282  17.548476943502234 15.984307631650186 5.060881732756067 2.183595974828048 24.36858118139194
5.694019941711960 0.68507179724497713 305.23253359488831 0.06572905542579804 1597383682  17.675317752291352 16.261118044374658 4.084160265541386 1.183429309092677 24.39101653686864
5.417340127452966 -1.26141709532377089 237.67287299919627 0.05168948379899916 1598737282  14.196329268344950 18.660493635998037 5.530347298043560 3.864870321697099 24.39819155746801
6.136786595053600 1.05702379966608073 255.89822213246492 0.05550274225402060 1600483282  16.359209811282675 16.618614714048380 7.156289338174910 1.081725582435051 24.41689390546887
4.516849438074613 0.70937760220457169 128.92374483821578 0.02851301504025947 1597513282  11.105846015372482 12.031797149603305 17.633571912170648 4.190649906390610 24.42556782115806
0.915968428683142 0.18361619739774601 142.35678410080172 0.03141677889785750 1599064882  10.087225077314232 18.436088705851688 10.757900075461409 6.291556648217332 24.43271527321042
6.210980260189997 -0.05259511292634141 220.28038680691608 0.04803215314123619 1600807282  16.194935354655001 17.039192494659286 6.510443568611192 1.434337363051241 24.43467231502447
3.349718633491520 -0.94663523866690469 112.46804394764183 0.02493936045756854 1598650882  10.635785058510018 12.428990280401075 16.634010889069451 7.321580931297313 24.45190358218245
2.048208246855674 0.01820028884028339 195.72672771111675 0.04283777183308608 1599806482  14.903572344075471 17.220797542432923 8.693951149379401 2.088874891783043 24.46672273750353
1.729684168412009 0.07557387341506004 239.57313761927065 0.05208798497215985 1597891282  18.635989798849259 14.819492467918371 4.830424511284793 3.285244488743934 24.51618455428060
4.056975343395867 0.28736344483722726 104.65804775400656 0.02323682812370922 1598938882  6.382761557613767 17.435158230220164 12.490998865983988 10.089041601658943 24.54665355449056
5.228628197423679 -0.85951542191045893 174.28436830679161 0.03827102877577031 1600587682  13.695577513527367 15.102094868179778 13.284334171618461 3.492364817675290 24.58276345815304
3.459303434788393 0.57841837900749560 261.62002559832888 0.05669589119099232 1600209682  15.127124772531019 19.195513820659791 1.500747429907938 2.777462422417613 24.64273107995905
5.899150549417229 -0.27799781850829497 173.26420807342970 0.03805303922236868 1599651682  16.099542872106618 14.078588461761180 11.447752073483617 4.337566798883542 24.64279706196436
5.509048791615387 0.37909528084101440 287.25098233298536 0.06201762980334841 1600310482  18.697747235868977 15.356619780038834 4.258630724052289 2.095111547031191 24.65678305869343
2.519747307959662 0.79984924144451186 296.50665530323181 0.06393028500316529 1599406882  17.638863376832113 16.631760723584470 4.550388832267523 0.757068815160921 24.67841481353351
2.711931165327628 0.64584414136948598 123.72825492080496 0.02738669539805082 1597736482  15.837909741240626 11.756227260832194 13.629758525772328 5.887325294747480 24.68763214601708
0.744539661061481 -0.67252453498691001 151.42945549699550 0.03337123900392917 1599453682  9.124264376068757 20.264526919365121 7.675514612718415 7.629078723256348 24.71881102330303
2.502015811789860 1.17528070442714250 152.40401373792164 0.03358086147936612 1599972082  12.981840871262177 16.276707937934003 11.915861541224615 5.976364978456086 24.72173352192214
1.116096611416917 -0.41005615740529938 189.22975301395965 0.04145710650076288 1599475282  18.522360117671070 14.729540279272522 5.175298236558606 4.990688406874138 24.73313291476108
1.094799350259927 0.12066841380347532 107.66570832452720 0.02389297427300651 1599936082  20.330851276659036 1.576241689326381 10.062652660920550 9.744207601239529 24.73933329431463
1.891441100266747 0.62227294816607059 257.62159660362715 0.05586231846760593 1600447282  14.891060345160392 19.486146907623805 1.465916102284919 2.937411554365009 24.74330002581225
4.796906088248587 -0.16964207289280003 271.45128195998291 0.05874157241696760 1600260082  18.646257394118422 15.522570731239204 4.377774678719610 2.598894160711250 24.79016496335306
5.202828100996131 -0.35485752045360774 290.24915891518242 0.06263773708350082 1598283682  18.429177101030326 15.965760884964393 4.011942423669701 2.166571335231823 24.80584210661852
5.952835999829929 -0.54741972087458979 184.80826297079599 0.04051599235220641 1599478882  15.582438959052721 14.663626501569876 12.115083751179066 3.483824517308892 24.83438410058989
1.346860646950371 0.63661357268376662 227.03658449965008 0.04945502565315742 1597657282  18.207550290469854 14.491023876299479 8.404718240575937 2.189098337798525 24.83819842097032
3.053986337551587 0.44109875846362701 259.89390190069628 0.05633614202640593 1599496882  19.483243917064932 14.436998039248961 5.304621463200517 2.034741839167455 24.90588061356258
0.320600140651007 0.09756000310946350 193.08253752876774 0.04227617454160900 1600663282  21.239856962439205 11.247774703819609 4.849066264153070 4.557952071413371 24.93857113573691
0.971001072750060 0.37775866346461595 180.28431681128038 0.03955179733271769 1597732882  17.042807268862106 13.796097373688688 11.166957622384025 4.069388126604927 24.94093912852827
1.443691904260035 -0.57670218292644793 143.89003105471724 0.03174745926226476 1599720082  6.586661372180272 21.242754268181578 8.370180429263394 7.660649447293205 24.96766283220871
0.916347070581670 0.20173438914003655 184.75427877944784 0.04050449532291620 1597509682  13.122868873759968 19.389847748740642 7.836800635222650 3.729115317345280 24.96993449017290
2.091782635555110 -0.47903768756021270 155.31803914616970 0.03420728793771383 1600785682  17.832040310096868 13.801246821720115 9.710822992483164 4.644633225997807 24.98657192274166
1.098530525333161 1.05951451811299546 192.05124841134287 0.04205702724733933 1597696882  14.119816646825122 18.556440288970805 6.863096001293411 5.815146260544844 24.99257311868062
3.163852247930084 -0.69941425362452536 142.42710324493856 0.03143194749375830 1599262882  12.640007220529037 13.691691086471772 16.221173421464162 3.923235748744048 25.01500416253884
3.666872335309252 0.06184585794321171 175.06186592375769 0.03843712168440761 1598625682  14.436759823654491 17.189083421665558 10.492187590464615 3.499294963053527 25.02430196338778
6.038333468474232 -0.10788151587774800 231.34157146163608 0.05036021738515130 1600544482  17.092881801702145 17.354491863840725 5.566008237724082 1.750404584350339 25.04774161577050
1.861747449748411 0.79501933380977574 167.68859018944553 0.03686043008473679 1600386082  16.485793115741401 16.403946092022700 6.455081340442369 6.708039853831568 25.05068254234470
2.678637745841707 0.52580848768051580 296.27019661487935 0.06388147277184031 1598726482  17.618859133768655 17.459343233452167 2.869871685506906 2.023558638503800 25.05162302873434
3.296006423713415 0.56463833157128529 132.03188610657776 0.02918595453494433 1598960482  13.511680956583591 12.477410634110155 16.706410750924530 3.213791642733554 25.05362080231557
5.566091008985216 -0.18893366670288145 173.08046468863253 0.03801376387651104 1599568882  21.230090609562499 9.897434463987326 7.468682255136076 4.861916009113377 25.06183150065085
