0
1
5
6
7
8
15
17
20
27
31
32
34
37
41
43
48
49
52
54
57
59
60
63
65
67
68
70
72
74
81
82
86
87
88
89
92
93
98
100
106
111
112
113
115
117
119
121
124
126
133
134
137
139
141
147
148
149
151
152
153
156
162
163
164
165
166
168
173
175
177
183
184
185
187
188
189
198
202
205
208
210
211
213
214
216
218
219
222
223
226
227
230
233
238
239
242
243
244
247
249
250
251
253
255
256
257
258
261
262
264
265
267
269
270
271
272
273
276
277
278
280
283
284
285
288
289
290
291
297
298
299
302
306
307
308
312
314
315
318
325
328
334
337
340
341
342
343
346
349
350
351
352
355
356
358
360
362
364
365
366
367
369
372
373
374
376
378
379
381
382
384
385
386
389
390
393
396
397
399
400
405
407
411
412
416
421
423
424
426
427
431
432
439
441
443
444
446
448
449
450
451
452
455
456
459
464
465
466
467
468
470
471
476
477
478
480
489
490
491
492
493
494
496
498
499
