0
1
4
5
6
7
8
13
15
17
20
23
24
26
27
29
31
32
33
34
37
41
42
43
47
48
49
51
52
54
55
57
58
59
60
63
65
67
68
70
72
73
74
81
82
83
84
86
87
88
89
92
93
96
98
100
104
105
106
108
110
111
112
113
115
117
119
121
124
126
128
130
132
133
134
136
137
139
141
147
148
149
151
152
153
154
155
156
162
163
164
165
166
167
168
170
173
175
177
182
183
184
185
187
188
189
190
193
197
198
202
203
205
207
208
210
211
213
214
216
218
219
220
222
223
226
227
230
232
233
235
238
239
241
242
243
244
246
247
248
249
250
251
253
255
256
257
258
261
262
264
265
267
269
270
271
272
273
276
277
278
280
281
283
284
285
288
289
290
291
297
298
299
300
301
302
304
305
306
307
308
309
310
311
312
314
315
316
318
319
320
325
326
328
331
334
335
336
337
338
340
341
342
343
346
348
349
350
351
352
354
355
356
358
360
361
362
364
365
366
367
368
369
372
373
374
375
376
378
379
381
382
384
385
386
389
390
392
393
394
395
396
397
399
400
402
405
407
409
410
411
412
413
414
416
417
421
422
423
424
426
427
428
429
431
432
436
439
441
442
443
444
446
447
448
449
450
451
452
455
456
457
459
460
464
465
466
467
468
469
470
471
474
476
477
478
479
480
482
483
486
487
489
490
491
492
493
494
495
496
498
499
